example_catchment/sve_example_catchment_flow_accum_D-inf_grids.asc
NCOLS         139
NROWS         162
XLLCORNER     572256.0
YLLCORNER     7071344.0
CELLSIZE      16.0
NODATA_VALUE  -9999
[rows 31 to 61 of 162, columns 0 to 69 of 139]
-9999 -9999 -9999 -9999 -9999 -9999 -9999 -9999 -9999 -9999 -9999 -9999 -9999 1.0 1.8 2.6928396 3.0889657 3.8515067 1.2366238 2.399129 1.0 1.0 3.0 1.0 1.0 2.0 1.0 140.21855 144.05658 1.0 1.0 2.5982704 4.114855 2.3090322 20.200516 1.0 1.0 368.96768 1.0 1.0 -9999 -9999 -9999 -9999 -9999 -9999 -9999 -9999 -9999 -9999 -9999 -9999 -9999 -9999 -9999 -9999 -9999 -9999 -9999 -9999 -9999 -9999 -9999 -9999 -9999 -9999 -9999 -9999 -9999 -9999
-9999 -9999 -9999 -9999 -9999 -9999 -9999 -9999 -9999 -9999 -9999 -9999 -9999 1.0 2.1555555 2.684642 2.9163136 1.0648069 1.8281832 2.7323446 25.69383 1.0 1.0 3.0 1.0 1.0 16.555555 1.0 1.0 1.6380247 1.9978381 1.815336 4.5312657 7.679581 1.9293904 31.62985 1.0 1.0 372.96768 1.0 1.0 -9999 -9999 -9999 -9999 -9999 -9999 -9999 -9999 -9999 -9999 -9999 -9999 -9999 -9999 -9999 -9999 -9999 -9999 -9999 -9999 -9999 -9999 -9999 -9999 -9999 -9999 -9999 -9999 -9999
-9999 -9999 -9999 -9999 -9999 -9999 -9999 -9999 -9999 -9999 -9999 -9999 -9999 1.0 2.2755556 4.1785893 5.474817 5.9881663 1.0 19.562357 1.0 29.69383 1.0 1.0 7.5333333 11.0 1.0 2.5555556 1.6888889 2.8064198 3.741915 4.682196 3.4573476 1.3491151 7.4999433 6.7596426 45.34064 1.0 1.0 376.96768 1.0 1.0 -9999 -9999 -9999 -9999 -9999 -9999 -9999 -9999 -9999 -9999 -9999 -9999 -9999 -9999 -9999 -9999 -9999 -9999 -9999 -9999 -9999 -9999 -9999 -9999 -9999 -9999 -9999 -9999
-9999 -9999 -9999 -9999 -9999 -9999 -9999 -9999 -9999 -9999 -9999 -9999 -9999 1.8666667 4.2106276 5.9294724 8.069003 11.400919 17.629025 1.0 2.0 1.0 33.693832 1.0 1.0 1.0 1.0 2.0 1.0 2.0 2.288889 7.1017284 7.855089 10.523456 6.027533 4.9511495 1.7555555 51.34064 1.0 1.0 380.96768 1.0 1.0 -9999 -9999 -9999 -9999 -9999 -9999 -9999 -9999 -9999 -9999 -9999 -9999 -9999 -9999 -9999 -9999 -9999 -9999 -9999 -9999 -9999 -9999 -9999 -9999 -9999 -9999 -9999
-9999 -9999 -9999 -9999 -9999 -9999 -9999 -9999 -9999 -9999 -9999 -9999 1.0 3.2611248 5.2509217 6.1429787 8.303695 8.975944 11.1743965 1.0 1.0 2.0 1.0 39.693832 40.693832 1.0 1.0 1.0 1.0 1.0 4.4666667 1.6088889 2.0174816 1.5466666 3.6832592 1.0 2.2444444 2.0 56.251755 1.0 1.0 384.96768 1.0 1.0 -9999 -9999 -9999 -9999 -9999 -9999 -9999 -9999 -9999 -9999 -9999 -9999 -9999 -9999 -9999 -9999 -9999 -9999 -9999 -9999 -9999 -9999 -9999 -9999 -9999 -9999
-9999 -9999 -9999 -9999 -9999 -9999 -9999 -9999 -9999 -9999 -9999 -9999 2.455144 5.0135193 5.0397286 6.512233 5.6906815 6.575868 7.8477764 30.72078 1.0 1.0 3.0 1.0 1.0 44.693832 1.0 1.0 1.0 2.0 1.0 1.0 2.7333333 3.52 3.585284 1.0 1.0 1.0 1.9333333 73.763084 1.0 1.0 388.96768 1.0 1.0 -9999 -9999 -9999 -9999 -9999 -9999 -9999 -9999 -9999 -9999 -9999 -9999 -9999 -9999 -9999 -9999 -9999 -9999 -9999 -9999 -9999 -9999 -9999 -9999 -9999
-9999 -9999 -9999 -9999 -9999 -9999 -9999 -9999 -9999 -9999 -9999 2.5185184 4.6077085 4.85211 6.235293 6.218154 7.013509 7.990872 9.698607 1.0 71.625656 1.0 1.0 2.0 1.0 1.0 48.471607 51.693832 1.0 1.0 1.0 1.0 3.0 4.422222 6.039506 4.5852838 1.0 1.0 14.547852 4.6511736 83.55931 1.0 1.0 392.96768 1.0 1.0 -9999 -9999 -9999 -9999 -9999 -9999 -9999 -9999 -9999 -9999 -9999 -9999 -9999 -9999 -9999 -9999 -9999 -9999 -9999 -9999 -9999 -9999 -9999 -9999
-9999 -9999 -9999 -9999 -9999 -9999 -9999 -9999 -9999 -9999 1.6666666 2.7260723 3.8786929 3.9042962 4.5702596 5.968914 7.762865 9.115938 20.269842 37.904873 1.0 85.53579 89.32123 1.0 5.0 1.0 1.0 1.0 56.338276 1.0 1.0 2.0 1.0 2.1777778 1.774321 9.145352 16.085333 17.218666 4.8263702 3.1450534 1.0 86.225975 1.0 1.0 396.96768 1.0 1.0 -9999 -9999 -9999 -9999 -9999 -9999 -9999 -9999 -9999 -9999 -9999 -9999 -9999 -9999 -9999 -9999 -9999 -9999 -9999 -9999 -9999 -9999 -9999
-9999 -9999 -9999 -9999 -9999 -9999 -9999 -9999 -9999 1.0 2.290535 3.3711934 3.385681 4.7420893 4.970211 3.9761024 5.5707994 16.029266 17.58941 1.0 13.428909 3.057188 1.0 94.32123 1.0 7.0 1.0 1.0 58.693832 1.0 1.0 1.0 1.0 1.0666667 2.0666666 2.9496295 3.3597038 1.0 1.4222223 1.6637037 1.0 86.998665 8.415065 1.0 1.0 401.96768 1.0 1.0 -9999 -9999 -9999 -9999 -9999 -9999 -9999 -9999 -9999 -9999 -9999 -9999 -9999 -9999 -9999 -9999 -9999 -9999 -9999 -9999 -9999 -9999
-9999 -9999 -9999 -9999 -9999 -9999 -9999 -9999 -9999 1.722963 2.9854486 3.6673763 4.002541 3.953781 4.9024386 8.941075 11.191604 10.177705 3.346068 11.695577 1.0 1.0 3.0 1.0 107.32123 1.0 1.0 3.0 1.0 62.449387 1.0 1.0 2.0 1.0 1.6888889 2.5762963 2.832033 4.3597035 2.7403655 1.7585186 4.187753 1.0 98.74706 1.0 1.0 1.0 406.96768 1.0 1.0 -9999 -9999 -9999 -9999 -9999 -9999 -9999 -9999 -9999 -9999 -9999 -9999 -9999 -9999 -9999 -9999 -9999 -9999 -9999 -9999 -9999
-9999 -9999 -9999 -9999 -9999 -9999 -9999 -9999 1.3555555 2.4948149 3.3512757 4.2815742 5.1701684 5.4832296 5.790682 8.654087 9.386289 2.932585 7.3495083 4.6763577 13.497534 1.0 1.0 3.0 1.0 113.32123 1.0 1.0 68.44939 1.3777778 1.0 1.0 2.2222223 2.7777777 1.3111111 1.0 2.3442633 3.832033 4.197116 602.20764 603.931 1.0 1.0 101.74706 1.0 1.0 1.0 411.96768 1.0 1.0 -9999 -9999 -9999 -9999 -9999 -9999 -9999 -9999 -9999 -9999 -9999 -9999 -9999 -9999 -9999 -9999 -9999 -9999 -9999 -9999
-9999 -9999 -9999 -9999 -9999 -9999 -9999 1.0 2.1555555 2.6903703 3.0098107 3.2372353 4.3266015 5.700071 7.0647535 4.053159 3.373045 6.483365 4.241951 7.8211765 4.0259275 22.417732 1.0 1.0 3.0 1.0 119.07678 121.32123 1.0 72.69383 1.0 1.1333333 3.2 3.7407408 2.5669136 1.6701235 1.4 590.4261 593.75903 1.0 1.0 605.931 1.0 1.0 104.74706 1.0 1.0 1.0 416.96768 1.0 1.0 1.0 -9999 -9999 -9999 -9999 -9999 -9999 -9999 -9999 -9999 -9999 -9999 -9999 -9999 -9999 -9999 -9999 -9999 -9999
-9999 -9999 -9999 -9999 -9999 -9999 1.0 1.0 1.4888889 2.2251852 3.20293 4.1914124 4.751747 6.2011294 6.6310973 6.8489246 5.5659494 4.0525346 6.255583 3.3211398 3.8942707 3.1884727 30.919746 1.0 1.0 3.0 1.0 1.0 124.32123 1.0 458.25085 552.0697 556.2682 561.4782 567.4035 574.81464 582.18274 1.0 1.0 1.0 1.0 1.0 617.90753 1.0 1.0 107.74706 1.0 1.0 1.0 421.96768 1.0 1.0 1.0 -9999 -9999 -9999 -9999 -9999 -9999 -9999 -9999 -9999 -9999 -9999 -9999 -9999 -9999 -9999 -9999 -9999
-9999 -9999 -9999 -9999 -9999 5.071622 1.0 1.0 1.0 1.8666667 2.7377777 3.290074 3.705172 3.3054404 3.497444 3.953397 4.953397 5.2377543 3.7304032 3.7728264 3.07754 4.3135424 2.8476374 39.453995 1.0 1.0 3.0 1.0 1.0 430.55164 90.78623 1.0 1.0 1.7947325 3.2502825 2.3139973 5.32 2.8617284 9.587993 14.412998 19.40964 23.761349 20.94805 642.8846 1.0 1.0 110.74706 1.0 1.0 1.0 426.96768 1.0 1.0 2.0 -9999 -9999 -9999 -9999 -9999 -9999 -9999 -9999 -9999 -9999 -9999 -9999 -9999 -9999 -9999 -9999
-9999 -9999 -9999 -9999 3.0716217 6.817375 18.851555 1.0 1.0 1.0 1.7555555 2.8720987 3.297679 3.711425 2.1546655 2.053392 2.0951424 2.4898791 2.272605 2.0334864 3.4094183 3.0793958 4.686612 2.860862 45.444668 1.0 1.0 298.3825 303.3109 1.0888889 1.0 40.77778 1.0 1.7881482 2.5708642 2.6409876 2.2222223 1.9777777 6.9095526 2.1628313 2.5062716 5.7036557 4.150293 3.8269732 653.6873 1.0 1.0 113.74706 1.0 1.0 1.0 431.1677 1.0 1.0 4.0 6.0 -9999 -9999 -9999 -9999 -9999 -9999 -9999 -9999 -9999 -9999 -9999 -9999 -9999 -9999
-9999 -9999 -9999 1.0 6.8889966 3.9625587 4.3187556 33.618713 1.0 1.0 1.0 1.8444444 3.9966419 5.494082 5.6323013 3.853545 3.328399 1.0 1.8666667 2.7422223 2.4625185 3.452138 2.9906712 2.1298091 1.0 235.81766 293.2887 2.1111112 1.0 1.0 1.0 38.08889 1.0 1.6888889 1.3111111 1.0 2.2 4.8 1.7832099 1.5723457 1.7308642 5.269487 4.1036706 4.9757404 2.6844628 660.33 1.0 1.0 117.74706 1.0 1.0 433.96768 1.0 1.0 1.0 1.0 8.777778 -9999 -9999 -9999 -9999 -9999 -9999 -9999 -9999 -9999 -9999 -9999 -9999 -9999
-9999 -9999 -9999 4.8117027 4.039853 4.1484447 7.448403 5.625895 46.38717 1.0 1.0 1.0 1.4222223 1.1520241 4.4185395 4.8800297 5.332506 2.4792883 1.1333333 1.8562963 2.567539 2.483467 2.49008 1.0 235.46625 55.582138 1.0 1.0 5.9762964 9.4785185 13.2430725 3.3244555 19.210249 1.0 1.0 1.0 1.0 3.0 1.3555555 1.6444445 4.231111 1.7269136 4.548642 2.526694 1.9582442 4.1339054 672.0262 1.0 1.0 121.74706 1.0 1.0 438.6566 1.0 1.0 1.0 1.2222222 12.16 -9999 -9999 -9999 -9999 -9999 -9999 -9999 -9999 -9999 -9999 -9999 -9999
-9999 -9999 3.344033 3.5075226 3.1484444 5.5135803 4.731029 4.1425586 4.0332155 62.516827 66.39524 1.0 1.0 107.848366 111.94332 127.578026 1.0 2.8181448 1.6611435 1.277037 2.5657942 1.0 1.0 232.88847 1.0 1.0 6.0666666 3.8355556 2.0533333 2.4666667 2.1234567 3.3565433 2.2755556 13.666667 1.0 1.0 1.0 1.0 1.0 1.0 2.0444446 3.2444444 1.7111111 1.0780247 6.715512 5.562257 6.0302577 681.87866 1.0 1.0 447.62912 1.0 440.96768 1.1111112 1.8888888 1.0 1.9333333 2.9066668 21.0 -9999 -9999 -9999 -9999 -9999 -9999 -9999 -9999 -9999 -9999 -9999
-9999 1.0 2.4192593 3.5807407 4.5135803 3.997531 3.2887242 3.6890461 6.3813396 5.5935183 4.349878 83.11519 104.04491 1.0 1.3910098 2.3685343 135.32552 142.00658 1.0 1.0 1.0 196.15678 198.49011 1.0 28.908272 3.4222221 2.0 1.7777778 1.7555555 1.4666667 2.0222223 2.7333333 3.4241974 2.9980247 5.2444444 1.0 1.0 1.0 1.0 1.0 1.0 2.0 1.7555555 5.715512 2.2064636 5.0302577 2.8222222 1.3733333 688.6989 691.89014 373.0767 822.9991 1.0 1276.9668 1.0 1.0 1.0666667 1.0 1.0 3.0 -9999 -9999 -9999 -9999 -9999 -9999 -9999 -9999 -9999 -9999
-9999 1.0222223 2.9777777 2.2666667 4.4962964 2.0222223 2.8607407 5.0630455 4.645237 4.433662 1.0 24.823858 2.1961262 2.6798024 1.7595443 1.7940689 2.7866557 12.468609 161.7047 165.04889 189.92432 1.0 1.0 26.863827 1.0 1.0 2.0 1.0 1.0 1.0 2.0 2.0 2.6444445 3.2444444 1.9271879 9.415419 1.1111112 2.8222222 2.0666666 1.0 1.0 1.0 1.2444445 3.1935802 1.0 2.8 1.2 2.6444445 2.7037036 2.4187655 3.2330863 2.1580248 830.9991 1.0 1283.7816 1.0 1.0 1.0 1.0 1.0 2.0 -9999 -9999 -9999 -9999 -9999 -9999 -9999 -9999 -9999
1.0 1.9777777 1.0 3.0 1.5333333 3.488889 3.7451851 3.3077004 2.9547765 5.6373224 19.554918 2.501937 2.5631275 1.6798024 1.5536132 1.0 11.799835 2.9277585 3.12079 2.2943978 9.265877 13.295745 3.3746552 2.8459258 19.643246 1.8222222 1.0 1.0 1.0 1.0 1.0 2.0 2.2444444 2.454321 5.48823 3.8512483 20.479012 26.666666 1.0444444 1.9555556 1.0 1.0 1.0 1.5111111 1.0 1.0 1.6444445 1.3555555 1.0444444 2.9555554 1.4888889 4.841975 1.8148148 2.8148148 1.0 1288.7816 1.1111112 1.8888888 1.0 1.0 1.0 5.0 -9999 -9999 -9999 -9999 -9999 -9999 -9999 -9999
1.0 1.0 2.0 1.0 2.6666667 1.6755556 3.1468642 2.377431 3.9807055 5.032373 4.559506 4.8276544 1.7585186 1.0380247 2.6730864 10.658272 1.5925926 1.5323457 2.1787655 2.7120988 6.1441975 13.371899 1.0 1.6444445 1.3555555 15.555839 1.0 2.0 1.0 1.0 1.0 1.0 2.1111112 2.8962963 2.9160495 3.8814814 1.5185186 1.0 29.807901 34.82617 1.0 1.0 2.0 1.0 1.0 1.0 1.0 1.0 1.9555556 1.0 3.511111 1.6666666 2.4406254 5.909399 1.0 1.0 1293.7816 1.5333333 1.4666667 1.0 1.0 1.0 8.0 -9999 -9999 -9999 -9999 -9999 -9999 -9999
2.0 1.0 1.0 1.8 1.6 2.1022222 1.5138766 2.558051 3.8002744 2.088889 2.554074 2.668148 1.0666667 1.7111111 2.2029629 3.1525927 2.2222223 1.7111111 1.0 2.288889 3.7333333 6.9150515 5.2909207 1.0 1.0 13.37806 1.8666667 6.0 2.0 1.0 1.0 1.0 1.0 2.1555555 1.8444444 1.5555556 1.0 1.3111111 10.222222 15.621246 55.022915 58.288887 62.2 64.844444 69.111115 1.0 1.0 1.0 1.0 2.0 1.0 1.5585185 2.4687736 1.6214885 8.855439 1.0 1.0 1340.3875 2.0 1.0 1.0 1.0 1.0 10.0 -9999 -9999 -9999 -9999 -9999 -9999
-9999 4.0 1.0 1.2 1.0 1.5555556 2.382716 2.8002744 1.0 1.0 1.3777778 1.0 1.0 1.2888889 1.0859259 1.0 1.0 1.0 1.2888889 1.7111111 2.0 4.518647 4.709547 2.3224227 9.689172 1.6888889 1.0 1.0 12.0 2.0 1.0 1.0 1.0 1.0 1.0 1.4444444 1.0 10.755555 3.617284 5.4333057 1.2488889 1.0 1.0 1.0 1.0 72.933334 1.1777778 2.0 1.0 1.0 1.2666667 2.0414815 2.5424526 2.9209642 3.8630793 38.22726 41.605927 1.0 1345.8092 1351.4355 1.0 1.0 1.0 1.0 11.888889 -9999 -9999 -9999 -9999 -9999
-9999 4.6444445 1.6222222 2.72 1.2133334 1.4444444 1.1728395 1.781893 1.8711476 1.0 1.6222222 1.0 1.5333333 2.0562963 1.3655638 1.0 1.0 1.0 1.0 1.0 2.3466594 1.9533132 4.2506447 2.3777778 5.1573663 1.0 1.0 1.0 1.0 18.0 2.0 1.0 1.0 1.0 1.0 1.9111111 7.4444447 1.0 1.1333333 1.8666667 1.5777777 6.1920986 7.577778 1.0 1.0 1.0 74.933334 80.111115 1.0 1.0 1.7333333 1.0 1.8666667 1.0 22.346666 1.5866667 1.954074 1.5792593 2.4688394 3.3581905 1362.7445 2.0 1.0 1.0 1.1111112 13.703704 -9999 -9999 -9999 -9999
-9999 4.5091357 3.6133332 1.5068642 3.7617779 2.226173 2.0271604 1.3909465 3.075015 1.7068781 1.0 2.9333334 1.4666667 1.4770371 2.6907325 12.044444 4.6533213 1.7363511 1.3254321 1.0 1.2999725 2.6284225 2.0 2.8691359 4.551221 10.899918 1.0 1.0 1.0 1.0 24.0 1.9111111 1.0888889 1.0 2.0 1.0888889 1.0 1.0 1.0 1.0 2.4222221 1.5777777 3.7777777 15.441976 19.0 1.0 1.0 1.0 85.111115 1.0 1.0 3.3111112 1.5012345 18.733334 1.0 1.4666667 1.5333333 3.0044444 4.244743 4.950748 1.0 1368.4111 1.3333334 1.5111111 1.4888889 1.2962962 16.0 -9999 -9999 -9999
-9999 -9999 5.5091357 12.7765665 17.616138 23.062265 27.685488 35.221516 1.0 1.0 2.706878 1.6888889 3.9333334 3.3528888 5.9437037 1.0 23.647366 5.0908093 2.7906172 1.6271605 1.928395 1.0 1.8691359 4.0864196 4.3486967 3.7892456 21.116323 1.0 1.0 1.0 1.0 27.585678 2.2103703 4.048395 1.0 1.0 1.0 1.0 1.0 1.0 1.0 2.7777777 1.7555555 1.8888888 2.1111112 26.300892 30.414343 1.0 1.0 88.111115 1.0 2.4222221 11.498765 1.8666667 1.0 1.0 2.0044444 1.9955555 2.2655802 1.0 1.0 1.0 1372.1223 401.6131 1.0 1.0 1.0 17.8 -9999 -9999
-9999 -9999 -9999 2.0222223 1.9777777 1.0 2.1111112 1.5190672 42.396553 3.7509577 7.333321 10.796107 6.8658266 1.0 1.0 1.0 26.947655 1.2888889 1.0 1.0 1.0444444 1.9555556 3.0864198 2.6222222 3.5861728 3.4271605 4.701914 32.60496 36.717697 1.0 1.0 51.573112 82.36916 1.0 6.670617 1.0 4.9333334 7.911111 10.0 1.0 1.0 1.0 1.0 2.0 2.914568 2.388664 1.7114818 37.963634 1.0 90.111115 1.0 1.1111112 2.3555555 1.6666666 1.0 1.0 1.0666667 1.0 1.2222222 2.2222223 3.8271606 1.0 1.0 1380.7223 2.0 1.0 1.0 1.5555556 19.906174 -9999
-9999 -9999 -9999 1.0 1.0 1.1111112 1.1679013 3.9226336 1.0 42.267815 1.0 1.0 19.657835 1.0 1.0 1.0 33.34005 2.108148 1.5111111 1.0 1.0 1.0 1.6222222 2.5861728 1.6302332 5.2058163 3.9482481 2.9512098 1.9990672 45.509865 49.417557 1.0 84.36916 1.0 6.046025 9.033053 1.0 1.0 1.0 14.0 1.0 1.0 1.0 1.4888889 2.4034567 3.201668 5.3097916 1.4719815 44.2675 1.0 93.111115 1.0 1.0 1.6222222 1.9012346 1.0 1.0 1.0 1.0 1.6 3.181092 6.240979 1.0 1.0222223 1387.0172 1.2888889 1.0 1.6444445 2.9841976 24.432856
-9999 -9999 -9999 -9999 1.0 1.8888888 2.7654321 1.4916323 3.4042249 50.325966 1.0 1.0 23.480059 1.0 1.0 37.633278 1.0708148 3.1866667 2.2296295 1.6666666 1.0 1.0 1.6222222 2.8360493 4.2058163 1.4 1.9955555 2.2479012 3.826952 3.873841 1.9966642 2.996664 99.974075 1.0 1.0 14.048395 1.0 1.0 1.0 1.0 17.955555 1.0 1.0 1.5111111 1.5708642 2.0995445 1.724285 3.8318865 1.0 141.37862 1.0 1.0 1.0 1.3777778 3.0987654 6.242524 1.5333333 2.1111112 1.3555555 2.0928395 2.9068093 5.886919 12.081335 2.3423705 1.7807902 1399.8362 1.0 1.0 1.1096296 1.567144
-9999 -9999 -9999 -9999 -9999 1.0 1.9555556 3.7333333 4.1466665 2.7222059 54.98768 1.0 1.0 26.30228 1.0 40.410866 1.0 1.818107 2.3925927 2.3333333 1.0 1.0 1.8 1.0 1.0 1.6 1.6044445 2.731358 4.041339 5.606236 6.593482 11.608249 1.0 101.974075 1.0 1.0 19.048395 1.0 1.0 1.0 21.555555 1.0 1.0 1.0 1.5333333 1.8177778 2.3734322 2.2658305 3.2658305 146.64444 1.0 1.0 1.5333333 1.92 1.128 2.7852094 10.424766 2.1891358 2.5012345 2.218546 1.1972041 1.9843678 6.258677 17.719479 23.247679 17.600536 1407.1384 1.0 1.0 1.0
