example_catchment/sve_2_tilavuus.asc
ncols         139
nrows         162
xllcorner     572256
yllcorner     7071344
cellsize      16
NODATA_value  -9999
[rows 74 to 110 of 162, columns 0 to 83 of 139]
-9999 -9999 -9999 -9999 -9999 -9999 -9999 -9999 -9999 -9999 -9999 -9999 -9999 -9999 -9999 -9999 184 117 18 27 41 98 80 129 149 150 127 194 162 127 101 91 110 103 117 94 116 93 150 201 228 235 119 63 0 0 3 66 204 223 229 226 219 224 228 229 227 222 221 233 277 309 261 238 267 236 208 192 179 179 163 98 104 119 105 114 144 75 136 177 161 -9999 -9999 -9999
-9999 -9999 -9999 -9999 -9999 -9999 -9999 -9999 -9999 -9999 -9999 -9999 -9999 -9999 -9999 -9999 -9999 11 18 4 0 45 78 70 119 132 190 251 210 190 178 128 139 63 98 11 15 80 119 173 228 238 213 81 4 0 0 84 261 218 221 221 243 243 245 229 230 221 231 227 223 309 302 307 317 273 258 241 238 229 190 175 129 119 92 85 68 62 64 114 133 148 -9999 -9999
-9999 -9999 -9999 -9999 -9999 -9999 -9999 -9999 -9999 -9999 -9999 -9999 -9999 -9999 -9999 -9999 -9999 -9999 -9999 3 4 5 6 60 103 136 206 216 214 173 237 160 172 128 82 126 36 74 187 167 252 238 238 169 6 0 0 63 222 219 223 224 242 244 242 241 229 224 228 233 227 224 307 319 275 293 274 300 196 206 237 224 226 172 174 124 75 88 91 116 157 132 134 -9999
-9999 -9999 -9999 -9999 -9999 -9999 -9999 -9999 -9999 -9999 -9999 -9999 -9999 -9999 -9999 -9999 -9999 -9999 -9999 -9999 0 5 4 6 49 93 84 115 210 204 220 173 122 77 123 116 92 149 172 176 205 244 261 212 97 5 3 75 158 221 217 224 245 242 243 241 262 227 230 236 238 239 241 308 296 362 344 294 271 294 293 234 232 239 219 140 107 88 79 137 122 175 113 -9999
-9999 -9999 -9999 -9999 -9999 -9999 -9999 -9999 -9999 -9999 -9999 -9999 -9999 -9999 -9999 -9999 -9999 -9999 -9999 -9999 -9999 8 10 4 4 18 47 79 125 210 225 139 14 28 89 178 164 169 191 192 192 195 212 201 125 54 33 82 214 229 214 224 227 282 280 243 231 235 233 238 242 241 237 252 297 293 295 274 291 264 269 247 268 274 207 230 124 82 109 87 71 135 125 124
-9999 -9999 -9999 -9999 -9999 -9999 -9999 -9999 -9999 -9999 -9999 -9999 -9999 -9999 -9999 -9999 -9999 -9999 -9999 -9999 -9999 -9999 9 11 12 8 0 67 20 73 94 0 14 17 44 199 218 248 213 215 186 181 202 179 159 152 128 122 232 240 234 226 223 230 232 225 231 233 224 234 239 243 239 238 238 244 281 271 264 267 212 178 155 273 244 245 215 149 48 33 116 62 137 170
-9999 -9999 -9999 -9999 -9999 -9999 -9999 -9999 -9999 -9999 -9999 -9999 -9999 -9999 -9999 -9999 -9999 -9999 -9999 -9999 -9999 -9999 -9999 3 7 8 5 0 0 19 5 0 7 3 18 70 179 209 216 216 180 178 167 179 168 200 190 187 211 239 238 234 226 224 230 227 222 215 218 224 236 239 238 238 234 217 290 228 228 227 213 202 157 268 263 256 193 166 91 65 110 84 90 135
-9999 -9999 -9999 -9999 -9999 -9999 -9999 -9999 -9999 -9999 -9999 -9999 -9999 -9999 -9999 -9999 -9999 -9999 -9999 -9999 -9999 -9999 -9999 -9999 0 7 11 11 6 8 10 0 28 25 31 10 36 126 171 213 185 196 194 172 192 251 263 247 267 232 241 239 237 235 232 225 224 227 226 223 221 233 237 235 232 218 210 221 227 226 211 175 159 231 275 271 237 202 153 62 60 70 69 109
-9999 -9999 -9999 -9999 -9999 -9999 -9999 -9999 -9999 -9999 -9999 -9999 -9999 -9999 -9999 -9999 -9999 -9999 -9999 -9999 -9999 -9999 -9999 -9999 -9999 0 9 10 5 8 7 22 70 6 0 12 12 1 79 172 214 196 195 193 174 203 220 191 209 247 247 241 240 239 239 234 227 228 228 229 227 225 234 233 230 219 219 220 224 223 210 197 179 187 221 233 257 199 196 141 65 88 67 89
-9999 -9999 -9999 -9999 -9999 -9999 -9999 -9999 -9999 -9999 -9999 -9999 -9999 -9999 -9999 -9999 -9999 -9999 -9999 -9999 -9999 -9999 -9999 -9999 -9999 -9999 -9999 8 7 9 9 23 82 45 0 0 2 0 21 118 214 195 267 213 198 194 207 227 215 253 257 255 250 229 230 247 235 226 235 232 225 224 224 224 221 230 235 231 230 216 207 211 165 167 190 234 223 171 182 203 137 127 96 38
-9999 -9999 -9999 -9999 -9999 -9999 -9999 -9999 -9999 -9999 -9999 -9999 -9999 -9999 -9999 -9999 -9999 -9999 -9999 -9999 -9999 -9999 -9999 -9999 -9999 -9999 -9999 -9999 3 5 7 0 12 0 7 0 0 0 35 63 238 211 267 279 214 190 195 226 242 245 261 253 193 197 192 245 240 223 233 233 223 225 224 224 225 232 235 232 230 221 215 273 211 173 230 259 233 180 171 153 184 120 104 68
-9999 -9999 -9999 -9999 -9999 -9999 -9999 -9999 -9999 -9999 -9999 -9999 -9999 -9999 -9999 -9999 -9999 -9999 -9999 -9999 -9999 -9999 -9999 -9999 -9999 -9999 -9999 -9999 -9999 -9999 4 4 4 8 8 8 0 3 86 159 244 220 274 255 196 208 182 174 203 215 278 230 196 208 207 252 227 225 225 232 228 231 235 228 223 237 189 177 233 233 229 236 239 281 268 241 241 173 141 130 159 142 128 85
-9999 -9999 -9999 -9999 -9999 -9999 -9999 -9999 -9999 -9999 -9999 -9999 -9999 -9999 -9999 -9999 -9999 -9999 -9999 -9999 -9999 -9999 -9999 -9999 -9999 -9999 -9999 -9999 -9999 -9999 -9999 3 5 11 8 5 14 82 206 224 236 237 242 245 196 213 199 165 173 205 212 194 193 194 215 236 220 225 224 230 235 236 231 222 219 238 199 182 243 238 229 231 230 232 231 232 255 175 141 121 160 171 162 124
-9999 -9999 -9999 -9999 -9999 -9999 -9999 -9999 -9999 -9999 -9999 -9999 -9999 -9999 -9999 -9999 -9999 -9999 -9999 -9999 -9999 -9999 -9999 -9999 -9999 -9999 -9999 -9999 -9999 -9999 -9999 -9999 5 12 8 0 184 75 230 238 228 233 238 196 183 213 203 170 183 202 203 194 177 178 164 261 242 223 223 224 226 228 229 226 234 203 187 236 273 232 228 222 230 229 220 222 237 172 203 125 156 159 159 147
-9999 -9999 -9999 -9999 -9999 -9999 -9999 -9999 -9999 -9999 -9999 -9999 -9999 -9999 -9999 -9999 -9999 -9999 -9999 -9999 -9999 -9999 -9999 -9999 -9999 -9999 -9999 -9999 -9999 -9999 -9999 -9999 -9999 -9999 4 0 12 119 243 230 221 235 260 203 164 168 180 195 195 186 168 195 183 144 171 187 211 244 237 231 237 238 237 236 235 200 224 223 254 234 233 234 224 231 227 228 226 203 214 148 150 161 168 173
-9999 -9999 -9999 -9999 -9999 -9999 -9999 -9999 -9999 -9999 -9999 -9999 -9999 -9999 -9999 -9999 -9999 -9999 -9999 -9999 -9999 -9999 -9999 -9999 -9999 -9999 -9999 -9999 -9999 -9999 -9999 -9999 -9999 -9999 -9999 0 99 142 229 227 225 227 235 237 207 210 176 198 209 176 166 179 146 160 169 198 175 181 243 229 233 239 215 216 236 248 288 253 192 200 233 231 222 224 225 224 223 213 185 150 165 167 185 194
-9999 -9999 -9999 -9999 -9999 -9999 -9999 -9999 -9999 -9999 -9999 -9999 -9999 -9999 -9999 -9999 -9999 -9999 -9999 -9999 -9999 -9999 -9999 -9999 -9999 -9999 -9999 -9999 -9999 -9999 -9999 -9999 -9999 -9999 -9999 -9999 -9999 146 225 234 235 234 228 227 182 234 218 181 184 186 173 173 173 214 260 235 188 196 234 225 226 235 212 212 194 259 248 253 169 177 168 216 223 222 230 231 223 225 210 229 203 186 165 199
-9999 -9999 -9999 -9999 -9999 -9999 -9999 -9999 -9999 -9999 -9999 -9999 -9999 -9999 -9999 -9999 -9999 -9999 -9999 -9999 -9999 -9999 -9999 -9999 -9999 -9999 -9999 -9999 -9999 -9999 -9999 -9999 -9999 -9999 -9999 -9999 -9999 -9999 229 238 238 236 234 223 219 222 235 185 224 197 172 194 237 238 216 281 227 217 209 225 225 232 231 230 183 227 289 265 168 149 147 173 246 246 223 226 223 251 226 204 204 190 191 200
-9999 -9999 -9999 -9999 -9999 -9999 -9999 -9999 -9999 -9999 -9999 -9999 -9999 -9999 -9999 -9999 -9999 -9999 -9999 -9999 -9999 -9999 -9999 -9999 -9999 -9999 -9999 -9999 -9999 -9999 -9999 -9999 -9999 -9999 -9999 -9999 -9999 -9999 -9999 -9999 244 240 234 218 218 217 220 229 230 216 216 234 230 243 160 267 244 208 230 218 216 216 213 167 173 190 220 237 171 115 153 190 247 256 289 229 221 269 241 207 187 214 193 188
-9999 -9999 -9999 -9999 -9999 -9999 -9999 -9999 -9999 -9999 -9999 -9999 -9999 -9999 -9999 -9999 -9999 -9999 -9999 -9999 -9999 -9999 -9999 -9999 -9999 -9999 -9999 -9999 -9999 -9999 -9999 -9999 -9999 -9999 -9999 -9999 -9999 -9999 -9999 -9999 -9999 239 236 234 233 219 217 220 228 231 233 236 235 194 249 262 204 260 218 212 214 212 208 187 152 183 207 190 169 162 156 235 271 272 285 281 224 264 237 215 198 219 219 163
-9999 -9999 -9999 -9999 -9999 -9999 -9999 -9999 -9999 -9999 -9999 -9999 -9999 -9999 -9999 -9999 -9999 -9999 -9999 -9999 -9999 -9999 -9999 -9999 -9999 -9999 -9999 -9999 -9999 -9999 -9999 -9999 -9999 -9999 -9999 -9999 -9999 -9999 -9999 -9999 -9999 -9999 -9999 235 234 235 231 221 212 219 217 219 230 240 245 179 256 269 210 218 226 240 244 240 210 191 181 167 195 206 267 241 251 250 255 261 256 244 232 230 213 235 271 237
-9999 -9999 -9999 -9999 -9999 -9999 -9999 -9999 -9999 -9999 -9999 -9999 -9999 -9999 -9999 -9999 -9999 -9999 -9999 -9999 -9999 -9999 -9999 -9999 -9999 -9999 -9999 -9999 -9999 -9999 -9999 -9999 -9999 -9999 -9999 -9999 -9999 -9999 -9999 -9999 -9999 -9999 -9999 -9999 233 234 231 221 225 231 230 218 230 241 231 246 256 268 240 272 274 191 271 275 260 256 203 209 270 240 218 214 216 245 255 254 291 293 229 221 215 247 263 262
-9999 -9999 -9999 -9999 -9999 -9999 -9999 -9999 -9999 -9999 -9999 -9999 -9999 -9999 -9999 -9999 -9999 -9999 -9999 -9999 -9999 -9999 -9999 -9999 -9999 -9999 -9999 -9999 -9999 -9999 -9999 -9999 -9999 -9999 -9999 -9999 -9999 -9999 -9999 -9999 -9999 -9999 -9999 -9999 -9999 -9999 240 266 293 321 300 226 218 221 257 266 227 284 242 254 251 233 252 167 250 244 253 259 220 213 210 212 245 264 273 318 368 361 366 380 375 219 245 211
-9999 -9999 -9999 -9999 -9999 -9999 -9999 -9999 -9999 -9999 -9999 -9999 -9999 -9999 -9999 -9999 -9999 -9999 -9999 -9999 -9999 -9999 -9999 -9999 -9999 -9999 -9999 -9999 -9999 -9999 -9999 -9999 -9999 -9999 -9999 -9999 -9999 -9999 -9999 -9999 -9999 -9999 -9999 -9999 -9999 -9999 -9999 272 309 292 281 240 229 218 280 259 255 253 234 246 242 277 276 251 252 231 233 247 259 243 245 266 215 200 254 253 372 364 366 362 314 253 244 272
-9999 -9999 -9999 -9999 -9999 -9999 -9999 -9999 -9999 -9999 -9999 -9999 -9999 -9999 -9999 -9999 -9999 -9999 -9999 -9999 -9999 -9999 -9999 -9999 -9999 -9999 -9999 -9999 -9999 -9999 -9999 -9999 -9999 -9999 -9999 -9999 -9999 -9999 -9999 -9999 -9999 -9999 -9999 -9999 -9999 -9999 -9999 -9999 300 295 244 219 224 224 267 270 257 285 240 217 272 270 273 251 223 225 222 241 237 233 234 211 169 168 211 272 254 253 253 248 260 283 231 214
-9999 -9999 -9999 -9999 -9999 -9999 -9999 -9999 -9999 -9999 -9999 -9999 -9999 -9999 -9999 -9999 -9999 -9999 -9999 -9999 -9999 -9999 -9999 -9999 -9999 -9999 -9999 -9999 -9999 -9999 -9999 -9999 -9999 -9999 -9999 -9999 -9999 -9999 -9999 -9999 -9999 -9999 -9999 -9999 -9999 -9999 -9999 -9999 -9999 241 208 238 227 225 225 238 237 238 248 243 271 262 282 271 257 251 276 262 279 281 176 160 184 170 184 264 261 261 232 252 259 260 231 213
-9999 -9999 -9999 -9999 -9999 -9999 -9999 -9999 -9999 -9999 -9999 -9999 -9999 -9999 -9999 -9999 -9999 -9999 -9999 -9999 -9999 -9999 -9999 -9999 -9999 -9999 -9999 -9999 -9999 -9999 -9999 -9999 -9999 -9999 -9999 -9999 -9999 -9999 -9999 -9999 -9999 -9999 -9999 -9999 -9999 -9999 -9999 -9999 -9999 -9999 -9999 237 227 220 220 214 215 150 239 244 253 266 264 266 246 248 267 257 240 256 186 195 216 179 144 203 293 250 280 253 281 262 231 217
-9999 -9999 -9999 -9999 -9999 -9999 -9999 -9999 -9999 -9999 -9999 -9999 -9999 -9999 -9999 -9999 -9999 -9999 -9999 -9999 -9999 -9999 -9999 -9999 -9999 -9999 -9999 -9999 -9999 -9999 -9999 -9999 -9999 -9999 -9999 -9999 -9999 -9999 -9999 -9999 -9999 -9999 -9999 -9999 -9999 -9999 -9999 -9999 -9999 -9999 -9999 -9999 229 220 222 230 228 172 202 240 255 255 265 268 273 245 223 265 247 239 152 151 171 204 156 166 159 162 228 285 296 262 282 214
-9999 -9999 -9999 -9999 -9999 -9999 -9999 -9999 -9999 -9999 -9999 -9999 -9999 -9999 -9999 -9999 -9999 -9999 -9999 -9999 -9999 -9999 -9999 -9999 -9999 -9999 -9999 -9999 -9999 -9999 -9999 -9999 -9999 -9999 -9999 -9999 -9999 -9999 -9999 -9999 -9999 -9999 -9999 -9999 -9999 -9999 -9999 -9999 -9999 -9999 -9999 -9999 -9999 223 231 234 202 185 209 241 243 225 249 272 264 274 258 271 263 234 149 156 174 183 120 109 128 104 190 229 169 145 200 267
-9999 -9999 -9999 -9999 -9999 -9999 -9999 -9999 -9999 -9999 -9999 -9999 -9999 -9999 -9999 -9999 -9999 -9999 -9999 -9999 -9999 -9999 -9999 -9999 -9999 -9999 -9999 -9999 -9999 -9999 -9999 -9999 -9999 -9999 -9999 -9999 -9999 -9999 -9999 -9999 -9999 -9999 -9999 -9999 -9999 -9999 -9999 -9999 -9999 -9999 -9999 -9999 -9999 -9999 225 262 253 267 241 246 270 213 250 273 277 282 280 243 266 236 179 122 187 213 165 136 131 111 125 155 126 93 120 216
-9999 -9999 -9999 -9999 -9999 -9999 -9999 -9999 -9999 -9999 -9999 -9999 -9999 -9999 -9999 -9999 -9999 -9999 -9999 -9999 -9999 -9999 -9999 -9999 -9999 -9999 -9999 -9999 -9999 -9999 -9999 -9999 -9999 -9999 -9999 -9999 -9999 -9999 -9999 -9999 -9999 -9999 -9999 -9999 -9999 -9999 -9999 -9999 -9999 -9999 -9999 -9999 -9999 -9999 -9999 263 226 241 255 271 269 270 243 273 260 258 242 260 246 236 187 191 186 180 222 141 172 123 90 144 184 145 97 170
-9999 -9999 -9999 -9999 -9999 -9999 -9999 -9999 -9999 -9999 -9999 -9999 -9999 -9999 -9999 -9999 -9999 -9999 -9999 -9999 -9999 -9999 -9999 -9999 -9999 -9999 -9999 -9999 -9999 -9999 -9999 -9999 -9999 -9999 -9999 -9999 -9999 -9999 -9999 -9999 -9999 -9999 -9999 -9999 -9999 -9999 -9999 -9999 -9999 -9999 -9999 -9999 -9999 -9999 -9999 -9999 253 260 272 240 275 283 278 253 261 271 247 264 251 248 182 207 149 139 201 172 132 112 86 102 111 127 128 136
-9999 -9999 -9999 -9999 -9999 -9999 -9999 -9999 -9999 -9999 -9999 -9999 -9999 -9999 -9999 -9999 -9999 -9999 -9999 -9999 -9999 -9999 -9999 -9999 -9999 -9999 -9999 -9999 -9999 -9999 -9999 -9999 -9999 -9999 -9999 -9999 -9999 -9999 -9999 -9999 -9999 -9999 -9999 -9999 -9999 -9999 -9999 -9999 -9999 -9999 -9999 -9999 -9999 -9999 -9999 -9999 -9999 216 262 259 267 282 259 238 271 258 263 270 270 246 187 208 170 146 195 199 151 116 130 126 94 129 126 126
-9999 -9999 -9999 -9999 -9999 -9999 -9999 -9999 -9999 -9999 -9999 -9999 -9999 -9999 -9999 -9999 -9999 -9999 -9999 -9999 -9999 -9999 -9999 -9999 -9999 -9999 -9999 -9999 -9999 -9999 -9999 -9999 -9999 -9999 -9999 -9999 -9999 -9999 -9999 -9999 -9999 -9999 -9999 -9999 -9999 -9999 -9999 -9999 -9999 -9999 -9999 -9999 -9999 -9999 -9999 -9999 -9999 -9999 156 266 246 264 267 223 226 281 263 277 282 251 176 174 222 213 197 194 154 175 160 168 159 151 126 126
-9999 -9999 -9999 -9999 -9999 -9999 -9999 -9999 -9999 -9999 -9999 -9999 -9999 -9999 -9999 -9999 -9999 -9999 -9999 -9999 -9999 -9999 -9999 -9999 -9999 -9999 -9999 -9999 -9999 -9999 -9999 -9999 -9999 -9999 -9999 -9999 -9999 -9999 -9999 -9999 -9999 -9999 -9999 -9999 -9999 -9999 -9999 -9999 -9999 -9999 -9999 -9999 -9999 -9999 -9999 -9999 -9999 -9999 -9999 246 283 276 275 221 221 271 276 266 242 274 272 157 175 222 203 182 178 201 200 162 141 181 164 103
-9999 -9999 -9999 -9999 -9999 -9999 -9999 -9999 -9999 -9999 -9999 -9999 -9999 -9999 -9999 -9999 -9999 -9999 -9999 -9999 -9999 -9999 -9999 -9999 -9999 -9999 -9999 -9999 -9999 -9999 -9999 -9999 -9999 -9999 -9999 -9999 -9999 -9999 -9999 -9999 -9999 -9999 -9999 -9999 -9999 -9999 -9999 -9999 -9999 -9999 -9999 -9999 -9999 -9999 -9999 -9999 -9999 -9999 -9999 -9999 265 259 169 213 168 218 190 239 249 277 181 170 183 156 197 210 218 185 150 122 157 196 156 144
-9999 -9999 -9999 -9999 -9999 -9999 -9999 -9999 -9999 -9999 -9999 -9999 -9999 -9999 -9999 -9999 -9999 -9999 -9999 -9999 -9999 -9999 -9999 -9999 -9999 -9999 -9999 -9999 -9999 -9999 -9999 -9999 -9999 -9999 -9999 -9999 -9999 -9999 -9999 -9999 -9999 -9999 -9999 -9999 -9999 -9999 -9999 -9999 -9999 -9999 -9999 -9999 -9999 -9999 -9999 -9999 -9999 -9999 -9999 -9999 -9999 256 174 196 179 183 199 170 299 282 253 167 220 174 202 187 179 120 121 121 149 189 177 172
