example_catchment/sve_2_flow_accum_D-inf_area.asc
NCOLS         139
NROWS         162
XLLCORNER     572256.0
YLLCORNER     7071344.0
CELLSIZE      16.0
NODATA_VALUE  -9999
[rows 31 to 61 of 162, columns 0 to 69 of 139]
-9999 -9999 -9999 -9999 -9999 -9999 -9999 -9999 -9999 -9999 -9999 -9999 -9999 16.0 28.8 43.085434 49.42345 61.624107 19.78598 38.386063 16.0 16.0 48.0 16.0 16.0 32.0 16.0 2243.4968 2304.9053 16.0 16.0 41.572327 65.83768 36.944515 323.20825 16.0 16.0 5903.483 16.0 16.0 -9999 -9999 -9999 -9999 -9999 -9999 -9999 -9999 -9999 -9999 -9999 -9999 -9999 -9999 -9999 -9999 -9999 -9999 -9999 -9999 -9999 -9999 -9999 -9999 -9999 -9999 -9999 -9999 -9999 -9999
-9999 -9999 -9999 -9999 -9999 -9999 -9999 -9999 -9999 -9999 -9999 -9999 -9999 16.0 34.488888 42.954273 46.66102 17.036911 29.25093 43.717514 411.1013 16.0 16.0 48.0 16.0 16.0 264.8889 16.0 16.0 26.208395 31.96541 29.045376 72.50025 122.8733 30.870247 506.0776 16.0 16.0 5967.483 16.0 16.0 -9999 -9999 -9999 -9999 -9999 -9999 -9999 -9999 -9999 -9999 -9999 -9999 -9999 -9999 -9999 -9999 -9999 -9999 -9999 -9999 -9999 -9999 -9999 -9999 -9999 -9999 -9999 -9999 -9999
-9999 -9999 -9999 -9999 -9999 -9999 -9999 -9999 -9999 -9999 -9999 -9999 -9999 16.0 36.40889 66.85743 87.59707 95.81066 16.0 312.9977 16.0 475.1013 16.0 16.0 120.53333 176.0 16.0 40.88889 27.022223 44.902718 59.87064 74.91514 55.317562 21.585842 119.99909 108.15428 725.45026 16.0 16.0 6031.483 16.0 16.0 -9999 -9999 -9999 -9999 -9999 -9999 -9999 -9999 -9999 -9999 -9999 -9999 -9999 -9999 -9999 -9999 -9999 -9999 -9999 -9999 -9999 -9999 -9999 -9999 -9999 -9999 -9999 -9999
-9999 -9999 -9999 -9999 -9999 -9999 -9999 -9999 -9999 -9999 -9999 -9999 -9999 29.866667 67.37004 94.87156 129.10405 182.4147 282.0644 16.0 32.0 16.0 539.1013 16.0 16.0 16.0 16.0 32.0 16.0 32.0 36.622223 113.627655 125.68143 168.37529 96.44053 79.21839 28.088888 821.45026 16.0 16.0 6095.483 16.0 16.0 -9999 -9999 -9999 -9999 -9999 -9999 -9999 -9999 -9999 -9999 -9999 -9999 -9999 -9999 -9999 -9999 -9999 -9999 -9999 -9999 -9999 -9999 -9999 -9999 -9999 -9999 -9999
-9999 -9999 -9999 -9999 -9999 -9999 -9999 -9999 -9999 -9999 -9999 -9999 16.0 52.177998 84.01475 98.28766 132.85912 143.6151 178.79034 16.0 16.0 32.0 16.0 635.1013 651.1013 16.0 16.0 16.0 16.0 16.0 71.46667 25.742222 32.279705 24.746666 58.932148 16.0 35.91111 32.0 900.0281 16.0 16.0 6159.483 16.0 16.0 -9999 -9999 -9999 -9999 -9999 -9999 -9999 -9999 -9999 -9999 -9999 -9999 -9999 -9999 -9999 -9999 -9999 -9999 -9999 -9999 -9999 -9999 -9999 -9999 -9999 -9999
-9999 -9999 -9999 -9999 -9999 -9999 -9999 -9999 -9999 -9999 -9999 -9999 39.282303 80.21631 80.63566 104.195724 91.0509 105.21389 125.56442 491.53247 16.0 16.0 48.0 16.0 16.0 715.1013 16.0 16.0 16.0 32.0 16.0 16.0 43.733334 56.32 57.364544 16.0 16.0 16.0 30.933332 1180.2094 16.0 16.0 6223.483 16.0 16.0 -9999 -9999 -9999 -9999 -9999 -9999 -9999 -9999 -9999 -9999 -9999 -9999 -9999 -9999 -9999 -9999 -9999 -9999 -9999 -9999 -9999 -9999 -9999 -9999 -9999
-9999 -9999 -9999 -9999 -9999 -9999 -9999 -9999 -9999 -9999 -9999 40.296295 73.723335 77.63376 99.76469 99.49046 112.21614 127.85395 155.17772 16.0 1146.0105 16.0 16.0 32.0 16.0 16.0 775.5457 827.1013 16.0 16.0 16.0 16.0 48.0 70.755554 96.632095 73.36454 16.0 16.0 232.76562 74.41878 1336.949 16.0 16.0 6287.483 16.0 16.0 -9999 -9999 -9999 -9999 -9999 -9999 -9999 -9999 -9999 -9999 -9999 -9999 -9999 -9999 -9999 -9999 -9999 -9999 -9999 -9999 -9999 -9999 -9999 -9999
-9999 -9999 -9999 -9999 -9999 -9999 -9999 -9999 -9999 -9999 26.666666 43.617157 62.059086 62.46874 73.12415 95.502625 124.20584 145.85501 324.31747 606.47797 16.0 1368.5726 1429.1396 16.0 80.0 16.0 16.0 16.0 901.4124 16.0 16.0 32.0 16.0 34.844444 28.389135 146.32564 257.36533 275.49866 77.221924 50.320854 16.0 1379.6156 16.0 16.0 6351.483 16.0 16.0 -9999 -9999 -9999 -9999 -9999 -9999 -9999 -9999 -9999 -9999 -9999 -9999 -9999 -9999 -9999 -9999 -9999 -9999 -9999 -9999 -9999 -9999 -9999
-9999 -9999 -9999 -9999 -9999 -9999 -9999 -9999 -9999 16.0 36.64856 53.939095 54.170895 75.87343 79.52338 63.617638 89.13279 256.46826 281.43057 16.0 214.86255 48.91501 16.0 1509.1396 16.0 112.0 16.0 16.0 939.1013 16.0 16.0 16.0 16.0 17.066668 33.066666 47.194073 53.75526 16.0 22.755556 26.619259 16.0 1391.9786 134.64104 16.0 16.0 6431.483 16.0 16.0 -9999 -9999 -9999 -9999 -9999 -9999 -9999 -9999 -9999 -9999 -9999 -9999 -9999 -9999 -9999 -9999 -9999 -9999 -9999 -9999 -9999 -9999
-9999 -9999 -9999 -9999 -9999 -9999 -9999 -9999 -9999 27.567408 47.767178 58.67802 64.04066 63.260494 78.43902 143.0572 179.06566 162.84328 53.537086 187.12923 16.0 16.0 48.0 16.0 1717.1396 16.0 16.0 48.0 16.0 999.1902 16.0 16.0 32.0 16.0 27.022223 41.22074 45.312527 69.75526 43.845848 28.136297 67.00405 16.0 1579.953 16.0 16.0 16.0 6511.483 16.0 16.0 -9999 -9999 -9999 -9999 -9999 -9999 -9999 -9999 -9999 -9999 -9999 -9999 -9999 -9999 -9999 -9999 -9999 -9999 -9999 -9999 -9999
-9999 -9999 -9999 -9999 -9999 -9999 -9999 -9999 21.688889 39.917038 53.62041 68.50519 82.722694 87.731674 92.65091 138.4654 150.18062 46.92136 117.59213 74.821724 215.96054 16.0 16.0 48.0 16.0 1813.1396 16.0 16.0 1095.1902 22.044445 16.0 16.0 35.555557 44.444443 20.977777 16.0 37.508213 61.312527 67.153854 9635.322 9662.896 16.0 16.0 1627.953 16.0 16.0 16.0 6591.483 16.0 16.0 -9999 -9999 -9999 -9999 -9999 -9999 -9999 -9999 -9999 -9999 -9999 -9999 -9999 -9999 -9999 -9999 -9999 -9999 -9999 -9999
-9999 -9999 -9999 -9999 -9999 -9999 -9999 16.0 34.488888 43.045925 48.15697 51.795765 69.225624 91.20113 113.03606 64.85055 53.96872 103.73384 67.871216 125.138824 64.41484 358.68372 16.0 16.0 48.0 16.0 1905.2285 1941.1396 16.0 1163.1013 16.0 18.133333 51.2 59.851852 41.070618 26.721975 22.4 9446.817 9500.145 16.0 16.0 9694.896 16.0 16.0 1675.953 16.0 16.0 16.0 6671.483 16.0 16.0 16.0 -9999 -9999 -9999 -9999 -9999 -9999 -9999 -9999 -9999 -9999 -9999 -9999 -9999 -9999 -9999 -9999 -9999 -9999
-9999 -9999 -9999 -9999 -9999 -9999 16.0 16.0 23.822222 35.602962 51.24688 67.0626 76.027954 99.21807 106.09756 109.582794 89.05519 64.84055 100.089325 53.138237 62.30833 51.015564 494.71594 16.0 16.0 48.0 16.0 16.0 1989.1396 16.0 7332.0137 8833.115 8900.291 8983.651 9078.456 9197.034 9314.924 16.0 16.0 16.0 16.0 16.0 9886.5205 16.0 16.0 1723.953 16.0 16.0 16.0 6751.483 16.0 16.0 16.0 -9999 -9999 -9999 -9999 -9999 -9999 -9999 -9999 -9999 -9999 -9999 -9999 -9999 -9999 -9999 -9999 -9999
-9999 -9999 -9999 -9999 -9999 81.14595 16.0 16.0 16.0 29.866667 43.804443 52.641186 59.282753 52.887047 55.959103 63.254353 79.25435 83.80407 59.68645 60.365223 49.24064 69.01668 45.5622 631.2639 16.0 16.0 48.0 16.0 16.0 6888.826 1452.5797 16.0 16.0 28.71572 52.00452 37.023956 85.12 45.787655 153.40788 230.60797 310.55423 380.18158 335.1688 10286.153 16.0 16.0 1771.953 16.0 16.0 16.0 6831.483 16.0 16.0 32.0 -9999 -9999 -9999 -9999 -9999 -9999 -9999 -9999 -9999 -9999 -9999 -9999 -9999 -9999 -9999 -9999
-9999 -9999 -9999 -9999 49.145947 109.078 301.62488 16.0 16.0 16.0 28.088888 45.95358 52.762863 59.3828 34.474648 32.85427 33.522278 39.838066 36.36168 32.53578 54.550694 49.270332 74.985794 45.773792 727.1147 16.0 16.0 4774.12 4852.9746 17.422222 16.0 652.44446 16.0 28.61037 41.133827 42.255802 35.555557 31.644444 110.55284 34.6053 40.100346 91.25849 66.404686 61.23157 10458.997 16.0 16.0 1819.953 16.0 16.0 16.0 6898.683 16.0 16.0 64.0 96.0 -9999 -9999 -9999 -9999 -9999 -9999 -9999 -9999 -9999 -9999 -9999 -9999 -9999 -9999
-9999 -9999 -9999 16.0 110.223946 63.40094 69.10009 537.8994 16.0 16.0 16.0 29.51111 63.94627 87.90531 90.11682 61.65672 53.254383 16.0 29.866667 43.875557 39.400295 55.234207 47.85074 34.076946 16.0 3773.0825 4692.619 33.77778 16.0 16.0 16.0 609.42224 16.0 27.022223 20.977777 16.0 35.2 76.8 28.531359 25.157532 27.693827 84.31179 65.65873 79.61185 42.951405 10565.28 16.0 16.0 1883.953 16.0 16.0 6943.483 16.0 16.0 16.0 16.0 140.44444 -9999 -9999 -9999 -9999 -9999 -9999 -9999 -9999 -9999 -9999 -9999 -9999 -9999
-9999 -9999 -9999 76.98724 64.63765 66.375114 119.174446 90.01432 742.1947 16.0 16.0 16.0 22.755556 18.432386 70.69663 78.080475 85.3201 39.668613 18.133333 29.70074 41.080624 39.735474 39.84128 16.0 3767.46 889.3142 16.0 16.0 95.62074 151.6563 211.88916 53.191288 307.36398 16.0 16.0 16.0 16.0 48.0 21.688889 26.311111 67.69778 27.630617 72.778275 40.427105 31.331907 66.14249 10752.419 16.0 16.0 1947.953 16.0 16.0 7018.5054 16.0 16.0 16.0 19.555555 194.56 -9999 -9999 -9999 -9999 -9999 -9999 -9999 -9999 -9999 -9999 -9999 -9999
-9999 -9999 53.504528 56.12036 50.37511 88.217285 75.696465 66.28094 64.53145 1000.2692 1062.3239 16.0 16.0 1725.5739 1791.0931 2041.2484 16.0 45.090317 26.578297 20.432592 41.052708 16.0 16.0 3726.2156 16.0 16.0 97.066666 61.36889 32.853333 39.466667 33.975307 53.704693 36.40889 218.66667 16.0 16.0 16.0 16.0 16.0 16.0 32.711113 51.91111 27.377777 17.248396 107.44819 88.99611 96.48412 10910.059 16.0 16.0 7162.066 16.0 7055.483 17.777779 30.222221 16.0 30.933332 46.506668 336.0 -9999 -9999 -9999 -9999 -9999 -9999 -9999 -9999 -9999 -9999 -9999
-9999 16.0 38.70815 57.29185 72.217285 63.960495 52.619587 59.02474 102.10143 89.49629 69.598045 1329.843 1664.7185 16.0 22.256157 37.89655 2165.2083 2272.1052 16.0 16.0 16.0 3138.5085 3175.8418 16.0 462.53235 54.755554 32.0 28.444445 28.088888 23.466667 32.355556 43.733334 54.78716 47.968395 83.91111 16.0 16.0 16.0 16.0 16.0 16.0 32.0 28.088888 91.44819 35.303417 80.48412 45.155556 21.973333 11019.183 11070.242 5969.227 13167.985 16.0 20431.469 16.0 16.0 17.066668 16.0 16.0 48.0 -9999 -9999 -9999 -9999 -9999 -9999 -9999 -9999 -9999 -9999
-9999 16.355556 47.644444 36.266666 71.94074 32.355556 45.77185 81.00873 74.32379 70.93859 16.0 397.18173 35.13802 42.87684 28.152708 28.705103 44.58649 199.49774 2587.2751 2640.7822 3038.789 16.0 16.0 429.82123 16.0 16.0 32.0 16.0 16.0 16.0 32.0 32.0 42.31111 51.91111 30.835007 150.6467 17.777779 45.155556 33.066666 16.0 16.0 16.0 19.911112 51.097282 16.0 44.8 19.2 42.31111 43.25926 38.70025 51.72938 34.528397 13295.985 16.0 20540.506 16.0 16.0 16.0 16.0 16.0 32.0 -9999 -9999 -9999 -9999 -9999 -9999 -9999 -9999 -9999
16.0 31.644444 16.0 48.0 24.533333 55.822224 59.922962 52.923206 47.276424 90.19716 312.8787 40.03099 41.01004 26.876839 24.857811 16.0 188.79736 46.844135 49.93264 36.710365 148.25403 212.73192 53.994484 45.534813 314.29193 29.155556 16.0 16.0 16.0 16.0 16.0 32.0 35.91111 39.269135 87.81168 61.619972 327.66418 426.66666 16.711111 31.288889 16.0 16.0 16.0 24.177778 16.0 16.0 26.311111 21.688889 16.711111 47.288887 23.822222 77.4716 29.037037 45.037037 16.0 20620.506 17.777779 30.222221 16.0 16.0 16.0 80.0 -9999 -9999 -9999 -9999 -9999 -9999 -9999 -9999
16.0 16.0 32.0 16.0 42.666668 26.80889 50.349827 38.038895 63.691288 80.51797 72.952095 77.24247 28.136297 16.608395 42.769382 170.53235 25.481482 24.51753 34.86025 43.39358 98.30716 213.95038 16.0 26.311111 21.688889 248.89342 16.0 32.0 16.0 16.0 16.0 16.0 33.77778 46.34074 46.65679 62.103703 24.296297 16.0 476.92642 557.21875 16.0 16.0 32.0 16.0 16.0 16.0 16.0 16.0 31.288889 16.0 56.177776 26.666666 39.050007 94.550385 16.0 16.0 20700.506 24.533333 23.466667 16.0 16.0 16.0 128.0 -9999 -9999 -9999 -9999 -9999 -9999 -9999
32.0 16.0 16.0 28.8 25.6 33.635555 24.222025 40.928818 60.80439 33.422222 40.865185 42.69037 17.066668 27.377777 35.247406 50.441483 35.555557 27.377777 16.0 36.622223 59.733334 110.64082 84.65473 16.0 16.0 214.04897 29.866667 96.0 32.0 16.0 16.0 16.0 16.0 34.488888 29.51111 24.88889 16.0 20.977777 163.55556 249.93994 880.36664 932.6222 995.2 1037.5111 1105.7778 16.0 16.0 16.0 16.0 32.0 16.0 24.936296 39.500378 25.943815 141.68703 16.0 16.0 21446.2 32.0 16.0 16.0 16.0 16.0 160.0 -9999 -9999 -9999 -9999 -9999 -9999
-9999 64.0 16.0 19.2 16.0 24.88889 38.123455 44.80439 16.0 16.0 22.044445 16.0 16.0 20.622223 17.374815 16.0 16.0 16.0 20.622223 27.377777 32.0 72.298355 75.35275 37.158764 155.02675 27.022223 16.0 16.0 192.0 32.0 16.0 16.0 16.0 16.0 16.0 23.11111 16.0 172.08888 57.876545 86.93289 19.982222 16.0 16.0 16.0 16.0 1166.9333 18.844444 32.0 16.0 16.0 20.266666 32.663704 40.67924 46.735428 61.80927 611.63617 665.6948 16.0 21532.947 21622.969 16.0 16.0 16.0 16.0 190.22223 -9999 -9999 -9999 -9999 -9999
-9999 74.31111 25.955555 43.52 19.413334 23.11111 18.765432 28.510288 29.938362 16.0 25.955555 16.0 24.533333 32.90074 21.84902 16.0 16.0 16.0 16.0 16.0 37.54655 31.253012 68.010315 38.044445 82.51786 16.0 16.0 16.0 16.0 288.0 32.0 16.0 16.0 16.0 16.0 30.577778 119.111115 16.0 18.133333 29.866667 25.244444 99.07358 121.244446 16.0 16.0 16.0 1198.9333 1281.7778 16.0 16.0 27.733334 16.0 29.866667 16.0 357.54666 25.386667 31.265184 25.268148 39.50143 53.73105 21803.912 32.0 16.0 16.0 17.777779 219.25926 -9999 -9999 -9999 -9999
-9999 72.14617 57.81333 24.109827 60.188446 35.618767 32.434566 22.255144 49.20024 27.31005 16.0 46.933334 23.466667 23.632593 43.05172 192.7111 74.45314 27.781618 21.206913 16.0 20.79956 42.05476 32.0 45.906174 72.819534 174.39868 16.0 16.0 16.0 16.0 384.0 30.577778 17.422222 16.0 32.0 17.422222 16.0 16.0 16.0 16.0 38.755554 25.244444 60.444443 247.07161 304.0 16.0 16.0 16.0 1361.7778 16.0 16.0 52.97778 24.019753 299.73334 16.0 23.466667 24.533333 48.07111 67.915886 79.21197 16.0 21894.578 21.333334 24.177778 23.822222 20.74074 256.0 -9999 -9999 -9999
-9999 -9999 88.14617 204.42506 281.85822 368.99625 442.9678 563.54425 16.0 16.0 43.310047 27.022223 62.933334 53.64622 95.09926 16.0 378.35785 81.45295 44.649876 26.034569 30.85432 16.0 29.906174 65.38271 69.57915 60.62793 337.86118 16.0 16.0 16.0 16.0 441.37085 35.365925 64.77432 16.0 16.0 16.0 16.0 16.0 16.0 16.0 44.444443 28.088888 30.222221 33.77778 420.81427 486.6295 16.0 16.0 1409.7778 16.0 38.755554 183.98024 29.866667 16.0 16.0 32.07111 31.928888 36.249283 16.0 16.0 16.0 21953.957 6425.8096 16.0 16.0 16.0 284.8 -9999 -9999
-9999 -9999 -9999 32.355556 31.644444 16.0 33.77778 24.305075 678.34485 60.015324 117.33314 172.73772 109.853226 16.0 16.0 16.0 431.16248 20.622223 16.0 16.0 16.711111 31.288889 49.382717 41.955555 57.378765 54.834568 75.23062 521.6794 587.48315 16.0 16.0 825.1698 1317.9066 16.0 106.72987 16.0 78.933334 126.577774 160.0 16.0 16.0 16.0 16.0 32.0 46.633087 38.218624 27.383709 607.41815 16.0 1441.7778 16.0 17.777779 37.68889 26.666666 16.0 16.0 17.066668 16.0 19.555555 35.555557 61.23457 16.0 16.0 22091.557 32.0 16.0 16.0 24.88889 318.49878 -9999
-9999 -9999 -9999 16.0 16.0 17.777779 18.68642 62.76214 16.0 676.28503 16.0 16.0 314.52536 16.0 16.0 16.0 533.4408 33.73037 24.177778 16.0 16.0 16.0 25.955555 41.378765 26.08373 83.29306 63.17197 47.219357 31.985075 728.15784 790.6809 16.0 1349.9066 16.0 96.7364 144.52885 16.0 16.0 16.0 224.0 16.0 16.0 16.0 23.822222 38.455307 51.22669 84.956665 23.551704 708.28 16.0 1489.7778 16.0 16.0 25.955555 30.419754 16.0 16.0 16.0 16.0 25.6 50.897472 99.85567 16.0 16.355556 22192.275 20.622223 16.0 26.311111 47.74716 390.9257
-9999 -9999 -9999 -9999 16.0 30.222221 44.246914 23.866117 54.467598 805.21545 16.0 16.0 375.68094 16.0 16.0 602.13245 17.133038 50.986668 35.674072 26.666666 16.0 16.0 25.955555 45.37679 67.29306 22.4 31.928888 35.96642 61.23123 61.981457 31.946627 47.946625 1599.5852 16.0 16.0 224.77432 16.0 16.0 16.0 16.0 287.28888 16.0 16.0 24.177778 25.133827 33.592712 27.58856 61.310184 16.0 2262.0579 16.0 16.0 16.0 22.044445 49.580246 99.88039 24.533333 33.77778 21.688889 33.48543 46.50895 94.190704 193.30136 37.47793 28.492643 22397.379 16.0 16.0 17.754074 25.074305
-9999 -9999 -9999 -9999 -9999 16.0 31.288889 59.733334 66.346664 43.555294 879.80286 16.0 16.0 420.8365 16.0 646.57385 16.0 29.089712 38.281483 37.333332 16.0 16.0 28.8 16.0 16.0 25.6 25.671112 43.70173 64.66142 89.699776 105.49571 185.73198 16.0 1631.5852 16.0 16.0 304.77432 16.0 16.0 16.0 344.8889 16.0 16.0 16.0 24.533333 29.084444 37.974915 36.25329 52.25329 2346.311 16.0 16.0 24.533333 30.72 18.048 44.56335 166.79625 35.026173 40.019753 35.496735 19.155266 31.749886 100.13883 283.51166 371.96286 281.60858 22514.215 16.0 16.0 16.0
