example_catchment/sve_2_latvuspeitto.asc
ncols         139
nrows         162
xllcorner     572256
yllcorner     7071344
cellsize      16
NODATA_value  -9999
[rows 39 to 77 of 162, columns 0 to 85 of 139]
-9999 -9999 -9999 -9999 -9999 -9999 -9999 -9999 -9999 1 1 1 1 1 1 1 1 1 16 38 53 52 51 57 47 58 57 45 38 56 56 66 61 51 65 65 70 68 69 68 68 62 61 56 60 61 65 69 -9999 -9999 -9999 -9999 -9999 -9999 -9999 -9999 -9999 -9999 -9999 -9999 -9999 -9999 -9999 -9999 -9999 -9999 -9999 -9999 -9999 -9999 -9999 -9999 -9999 -9999 -9999 -9999 -9999 -9999 -9999 -9999 -9999 -9999 -9999 -9999 -9999 -9999
-9999 -9999 -9999 -9999 -9999 -9999 -9999 -9999 -9999 1 1 1 1 1 1 1 1 1 10 10 47 37 60 57 63 49 51 48 52 45 68 69 55 59 64 67 67 66 67 67 67 66 63 65 57 60 67 59 61 -9999 -9999 -9999 -9999 -9999 -9999 -9999 -9999 -9999 -9999 -9999 -9999 -9999 -9999 -9999 -9999 -9999 -9999 -9999 -9999 -9999 -9999 -9999 -9999 -9999 -9999 -9999 -9999 -9999 -9999 -9999 -9999 -9999 -9999 -9999 -9999 -9999
-9999 -9999 -9999 -9999 -9999 -9999 -9999 -9999 1 1 1 1 1 1 1 1 1 1 1 9 12 35 42 57 54 47 45 57 60 56 83 76 79 53 62 61 67 66 66 67 68 65 68 61 60 63 65 56 59 65 -9999 -9999 -9999 -9999 -9999 -9999 -9999 -9999 -9999 -9999 -9999 -9999 -9999 -9999 -9999 -9999 -9999 -9999 -9999 -9999 -9999 -9999 -9999 -9999 -9999 -9999 -9999 -9999 -9999 -9999 -9999 -9999 -9999 -9999 -9999 -9999
-9999 -9999 -9999 -9999 -9999 -9999 -9999 18 1 1 1 1 1 1 1 1 1 1 1 1 1 17 14 46 63 49 53 53 62 68 52 78 71 71 68 69 66 67 66 63 67 65 68 60 59 60 61 60 57 65 61 52 -9999 -9999 -9999 -9999 -9999 -9999 -9999 -9999 -9999 -9999 -9999 -9999 -9999 -9999 -9999 -9999 -9999 -9999 -9999 -9999 -9999 -9999 -9999 -9999 -9999 -9999 -9999 -9999 -9999 -9999 -9999 -9999 -9999 -9999
-9999 -9999 -9999 -9999 -9999 -9999 25 16 20 1 1 1 1 1 1 1 1 1 1 1 1 1 18 24 34 46 44 48 65 60 73 59 79 71 52 77 65 70 70 67 66 68 68 67 61 60 60 62 61 56 62 64 65 -9999 -9999 -9999 -9999 -9999 -9999 -9999 -9999 -9999 -9999 -9999 -9999 -9999 -9999 -9999 -9999 -9999 -9999 -9999 -9999 -9999 -9999 -9999 -9999 -9999 -9999 -9999 -9999 -9999 -9999 -9999 -9999 -9999
-9999 -9999 -9999 -9999 -9999 49 35 25 19 1 1 1 1 1 1 1 1 1 1 1 1 1 1 12 28 41 61 50 53 48 48 67 66 52 56 65 66 67 60 68 70 66 66 65 56 59 60 62 52 63 57 70 65 67 -9999 -9999 -9999 -9999 -9999 -9999 -9999 -9999 -9999 -9999 -9999 -9999 -9999 -9999 -9999 -9999 -9999 -9999 -9999 -9999 -9999 -9999 -9999 -9999 -9999 -9999 -9999 -9999 -9999 -9999 -9999 -9999
-9999 -9999 -9999 -9999 64 58 46 22 17 13 1 1 1 1 1 1 1 1 1 1 1 1 1 1 17 17 41 51 61 54 53 60 66 72 74 65 73 57 72 59 69 70 67 67 65 59 59 60 56 62 57 68 64 61 63 64 -9999 -9999 -9999 -9999 -9999 -9999 -9999 -9999 -9999 -9999 -9999 -9999 -9999 -9999 -9999 -9999 -9999 -9999 -9999 -9999 -9999 -9999 -9999 -9999 -9999 -9999 -9999 -9999 -9999 -9999
-9999 -9999 -9999 77 74 69 63 47 15 8 9 21 7 1 1 1 1 1 1 1 1 1 1 1 1 26 45 45 55 59 69 68 71 65 71 65 66 57 62 57 59 64 63 67 68 63 56 60 57 65 55 62 60 61 62 61 63 -9999 -9999 -9999 -9999 -9999 -9999 -9999 -9999 -9999 -9999 -9999 -9999 -9999 -9999 -9999 -9999 -9999 -9999 -9999 -9999 -9999 -9999 -9999 -9999 -9999 -9999 -9999 -9999 -9999
-9999 -9999 -9999 73 75 67 69 57 37 63 52 47 40 28 2 1 1 1 1 1 1 1 1 1 42 52 60 52 52 54 66 64 63 72 71 69 64 59 57 61 61 69 67 67 70 69 62 59 58 61 57 55 56 56 65 56 62 66 -9999 -9999 -9999 -9999 -9999 -9999 -9999 -9999 -9999 -9999 -9999 -9999 -9999 -9999 -9999 -9999 -9999 -9999 -9999 -9999 -9999 -9999 -9999 -9999 -9999 -9999 -9999 -9999
-9999 -9999 -9999 52 64 71 74 68 62 52 53 61 60 60 52 57 2 1 1 1 1 1 18 36 36 55 45 69 58 60 68 73 77 75 77 74 58 52 71 58 56 66 60 64 70 66 70 65 69 61 62 58 57 62 57 57 61 63 65 -9999 -9999 -9999 -9999 -9999 -9999 -9999 -9999 -9999 -9999 -9999 -9999 -9999 -9999 -9999 -9999 -9999 -9999 -9999 -9999 -9999 -9999 -9999 -9999 -9999 -9999 -9999
-9999 67 59 -9999 53 66 66 67 68 62 68 63 74 70 67 62 55 72 66 41 38 54 59 50 52 49 69 66 68 63 68 62 72 72 66 70 66 57 68 63 59 52 57 60 62 64 70 70 70 61 58 59 53 58 60 58 61 61 67 64 -9999 -9999 -9999 -9999 -9999 -9999 -9999 -9999 -9999 -9999 -9999 -9999 -9999 -9999 -9999 -9999 -9999 -9999 -9999 -9999 -9999 -9999 -9999 -9999 -9999 -9999
-9999 71 55 69 65 -9999 72 61 49 61 60 55 67 66 66 67 56 64 60 64 45 60 50 57 52 69 66 50 51 38 62 62 66 71 78 78 76 60 57 57 60 59 55 56 66 55 55 69 67 60 65 58 52 58 60 49 67 62 62 57 60 -9999 -9999 -9999 -9999 -9999 -9999 -9999 -9999 -9999 -9999 -9999 -9999 -9999 -9999 -9999 -9999 -9999 -9999 -9999 -9999 -9999 -9999 -9999 -9999 -9999
69 62 60 69 63 62 60 -9999 45 69 67 67 73 65 74 68 66 73 71 62 62 57 65 60 68 62 53 -9999 48 48 29 71 74 63 63 77 69 77 75 68 65 69 69 61 66 57 60 55 66 61 52 55 65 59 65 55 57 58 65 64 60 58 -9999 -9999 -9999 -9999 -9999 -9999 -9999 -9999 -9999 -9999 -9999 -9999 -9999 -9999 -9999 -9999 -9999 -9999 -9999 -9999 -9999 -9999 -9999 -9999
69 56 67 53 71 66 62 59 55 -9999 -9999 57 57 49 54 64 58 60 75 63 59 68 65 69 57 -9999 54 69 59 -9999 52 63 55 60 73 61 67 75 63 66 70 71 63 70 65 57 55 57 57 61 55 57 65 59 58 63 58 57 57 56 62 71 67 -9999 -9999 -9999 -9999 -9999 -9999 -9999 -9999 -9999 -9999 -9999 -9999 -9999 -9999 -9999 -9999 -9999 -9999 -9999 -9999 -9999 -9999 -9999
69 57 75 55 67 71 71 59 57 63 58 58 -9999 -9999 -9999 69 44 55 44 46 54 70 70 52 -9999 60 59 57 61 57 55 -9999 42 60 55 59 60 74 55 64 65 70 56 56 56 57 56 58 56 57 55 60 62 61 58 66 69 56 53 55 56 71 70 64 -9999 -9999 -9999 -9999 -9999 -9999 -9999 -9999 -9999 -9999 -9999 -9999 -9999 -9999 -9999 -9999 -9999 -9999 -9999 -9999 -9999 -9999
-9999 58 67 56 63 67 73 73 59 60 64 62 56 65 53 65 54 -9999 -9999 -9999 60 59 68 -9999 61 73 71 75 73 75 67 60 60 -9999 -9999 35 46 40 42 50 61 68 61 56 58 62 58 63 61 60 61 59 60 64 61 61 64 54 63 62 69 69 75 64 63 -9999 -9999 -9999 -9999 -9999 -9999 -9999 -9999 -9999 -9999 -9999 -9999 -9999 -9999 -9999 -9999 -9999 -9999 -9999 -9999 -9999
-9999 68 66 57 61 65 64 69 74 73 66 61 68 60 63 68 60 33 46 49 54 61 67 57 66 70 72 66 66 70 69 66 71 33 55 -9999 -9999 62 24 62 54 66 63 62 56 64 64 56 59 60 60 60 64 55 68 46 55 61 64 63 73 74 65 68 68 67 -9999 -9999 -9999 -9999 -9999 -9999 -9999 -9999 -9999 -9999 -9999 -9999 -9999 -9999 -9999 -9999 -9999 -9999 -9999 -9999
-9999 63 67 65 65 72 70 70 66 67 71 68 67 67 64 69 57 51 66 47 65 70 75 78 63 68 72 64 64 60 66 58 48 42 46 41 53 48 -9999 -9999 58 74 72 64 66 65 63 67 58 73 71 56 58 74 51 61 37 59 57 56 72 72 62 61 61 72 70 -9999 -9999 -9999 -9999 -9999 -9999 -9999 -9999 -9999 -9999 -9999 -9999 -9999 -9999 -9999 -9999 -9999 -9999 -9999
-9999 -9999 64 67 66 67 64 67 69 68 66 66 67 67 66 65 53 44 56 59 69 65 75 75 74 61 75 71 61 63 57 48 34 21 30 16 34 32 25 28 57 52 57 65 60 67 73 63 52 67 63 71 57 62 64 42 55 61 54 67 62 65 62 64 71 55 55 59 -9999 -9999 -9999 -9999 -9999 -9999 -9999 -9999 -9999 -9999 -9999 -9999 -9999 -9999 -9999 -9999 -9999 -9999
-9999 -9999 -9999 67 66 66 63 71 69 66 66 65 65 61 70 70 59 52 62 63 65 70 77 76 78 77 64 64 59 63 58 39 19 18 11 32 22 41 23 36 36 25 57 62 56 74 68 59 60 58 56 58 59 70 36 61 61 63 60 62 62 66 70 67 65 62 56 57 62 -9999 -9999 -9999 -9999 -9999 -9999 -9999 -9999 -9999 -9999 -9999 -9999 -9999 -9999 -9999 -9999 -9999
-9999 -9999 -9999 69 71 71 65 68 66 71 65 63 65 65 63 70 63 61 39 49 62 57 75 75 75 77 77 63 72 56 62 32 33 32 14 14 17 29 9 32 46 38 29 57 75 71 75 65 60 61 60 61 59 69 55 66 63 62 60 64 68 73 73 68 65 62 57 51 59 55 -9999 -9999 -9999 -9999 -9999 -9999 -9999 -9999 -9999 -9999 -9999 -9999 -9999 -9999 -9999 -9999
-9999 -9999 -9999 -9999 67 64 65 68 65 66 67 65 64 71 72 65 71 64 41 38 66 67 74 78 76 76 77 77 66 63 63 73 59 46 27 18 11 22 26 4 21 16 45 40 58 70 76 63 63 61 72 71 75 74 57 56 60 61 61 64 73 71 75 68 62 67 65 68 64 63 65 -9999 -9999 -9999 -9999 -9999 -9999 -9999 -9999 -9999 -9999 -9999 -9999 -9999 -9999 -9999
-9999 -9999 -9999 -9999 -9999 65 63 70 68 66 65 66 66 66 78 67 58 66 63 48 50 69 73 74 74 76 74 74 75 62 76 72 67 37 31 26 24 15 16 15 32 30 17 45 38 63 66 66 62 70 75 75 75 75 70 61 64 59 54 65 65 69 61 70 65 68 66 63 67 62 61 66 -9999 -9999 -9999 -9999 -9999 -9999 -9999 -9999 -9999 -9999 -9999 -9999 -9999 -9999
-9999 -9999 -9999 -9999 -9999 -9999 66 63 65 66 65 65 66 59 66 72 72 68 66 60 59 57 62 75 78 77 75 73 72 75 77 62 69 66 40 16 28 4 12 14 28 18 25 34 18 42 54 54 57 63 68 70 74 71 66 61 60 66 61 72 65 74 65 71 67 64 67 63 63 61 65 70 68 -9999 -9999 -9999 -9999 -9999 -9999 -9999 -9999 -9999 -9999 -9999 -9999 -9999
-9999 -9999 -9999 -9999 -9999 -9999 -9999 64 66 67 68 65 65 76 65 63 62 63 65 57 56 57 55 46 78 77 76 75 75 75 77 61 72 70 41 18 28 26 8 15 29 24 24 27 25 19 36 47 44 57 61 70 72 67 70 70 67 71 62 68 65 67 58 63 61 67 51 65 67 75 61 61 56 66 -9999 -9999 -9999 -9999 -9999 -9999 -9999 -9999 -9999 -9999 -9999 -9999
-9999 -9999 -9999 -9999 -9999 -9999 -9999 -9999 76 63 68 65 65 60 61 64 51 59 68 72 50 54 67 66 62 64 78 78 75 75 78 73 67 52 57 43 13 22 22 26 29 21 18 32 25 11 14 16 53 63 67 65 75 71 71 70 75 75 75 74 62 71 76 78 78 72 63 58 64 54 63 60 56 65 66 -9999 -9999 -9999 -9999 -9999 -9999 -9999 -9999 -9999 -9999 -9999
-9999 -9999 -9999 -9999 -9999 -9999 -9999 -9999 -9999 64 68 65 65 56 55 62 61 65 56 76 69 61 49 62 66 61 72 75 74 73 74 69 74 72 70 48 23 28 29 30 19 22 32 23 32 16 19 16 53 62 68 70 64 75 67 70 73 75 71 72 75 69 73 69 71 75 69 69 71 66 55 57 65 66 63 61 -9999 -9999 -9999 -9999 -9999 -9999 -9999 -9999 -9999 -9999
-9999 -9999 -9999 -9999 -9999 -9999 -9999 -9999 -9999 64 68 66 64 56 49 61 59 57 67 71 71 64 61 49 49 59 63 79 70 72 74 74 72 62 74 34 37 19 31 32 21 19 25 37 32 22 20 31 59 65 70 66 68 61 73 77 76 77 75 72 76 74 70 69 69 76 67 74 60 69 69 59 59 66 63 63 -9999 -9999 -9999 -9999 -9999 -9999 -9999 -9999 -9999 -9999
-9999 -9999 -9999 -9999 -9999 -9999 -9999 -9999 -9999 -9999 69 66 66 60 45 59 61 58 57 63 71 66 68 57 66 48 73 66 80 74 71 72 78 68 72 63 43 10 14 30 33 12 12 20 14 22 14 42 63 67 66 69 68 69 62 73 78 78 78 76 76 74 73 66 62 76 69 69 63 55 51 69 71 67 65 63 64 -9999 -9999 -9999 -9999 -9999 -9999 -9999 -9999 -9999
-9999 -9999 -9999 -9999 -9999 -9999 -9999 -9999 -9999 -9999 -9999 69 65 71 69 63 60 57 61 53 68 68 78 65 62 61 61 62 68 72 72 72 71 72 81 68 37 35 34 29 15 26 9 9 15 14 21 45 68 69 70 70 70 72 68 63 74 77 76 78 79 74 74 71 70 65 77 74 63 55 60 55 68 70 72 63 68 63 -9999 -9999 -9999 -9999 -9999 -9999 -9999 -9999
-9999 -9999 -9999 -9999 -9999 -9999 -9999 -9999 -9999 -9999 -9999 -9999 69 72 67 70 58 60 59 59 61 76 68 74 73 65 54 57 61 65 71 72 79 68 83 67 66 59 33 28 23 27 28 27 22 13 46 53 66 69 67 66 66 69 67 69 63 76 77 77 78 74 77 77 78 69 69 69 66 60 57 52 58 65 59 65 67 63 -9999 -9999 -9999 -9999 -9999 -9999 -9999 -9999
-9999 -9999 -9999 -9999 -9999 -9999 -9999 -9999 -9999 -9999 -9999 -9999 -9999 80 70 74 72 52 60 56 59 63 63 70 70 75 62 55 50 66 69 76 77 68 71 72 72 67 57 47 31 23 24 23 22 13 48 64 68 68 68 67 67 67 67 68 71 64 75 74 75 75 76 76 76 75 73 73 69 67 52 57 56 72 58 68 68 62 62 -9999 -9999 -9999 -9999 -9999 -9999 -9999
-9999 -9999 -9999 -9999 -9999 -9999 -9999 -9999 -9999 -9999 -9999 -9999 -9999 -9999 79 79 69 57 60 61 66 61 59 69 77 79 79 60 57 65 74 69 78 80 80 69 80 80 68 61 54 58 14 18 22 10 51 69 68 68 68 68 69 67 68 68 67 68 68 73 76 75 75 76 76 76 75 69 77 66 69 56 56 73 75 73 68 59 61 -9999 -9999 -9999 -9999 -9999 -9999 -9999
-9999 -9999 -9999 -9999 -9999 -9999 -9999 -9999 -9999 -9999 -9999 -9999 -9999 -9999 79 79 72 62 75 66 73 62 63 57 66 72 77 64 57 50 51 62 78 75 79 70 78 76 76 78 57 60 41 13 22 22 51 70 68 68 68 68 68 68 68 69 68 68 68 67 63 73 75 79 77 77 76 69 64 64 70 57 51 55 69 59 63 55 64 64 -9999 -9999 -9999 -9999 -9999 -9999
-9999 -9999 -9999 -9999 -9999 -9999 -9999 -9999 -9999 -9999 -9999 -9999 -9999 -9999 -9999 78 68 72 60 39 62 55 63 55 56 75 78 68 64 57 48 51 65 59 61 65 63 69 79 79 80 66 55 31 23 24 31 54 67 68 68 68 68 68 68 68 68 68 69 68 64 67 69 70 76 75 75 79 67 72 73 66 51 50 59 57 61 57 56 61 -9999 -9999 -9999 -9999 -9999 -9999
-9999 -9999 -9999 -9999 -9999 -9999 -9999 -9999 -9999 -9999 -9999 -9999 -9999 -9999 -9999 -9999 74 63 39 27 64 62 54 57 57 60 67 71 69 71 56 53 66 71 68 61 61 52 66 80 77 75 53 53 18 23 22 50 66 68 68 68 68 68 68 69 68 68 68 69 62 70 67 64 71 73 80 79 71 71 70 69 85 83 85 66 59 57 56 64 62 -9999 -9999 -9999 -9999 -9999
-9999 -9999 -9999 -9999 -9999 -9999 -9999 -9999 -9999 -9999 -9999 -9999 -9999 -9999 -9999 -9999 -9999 43 27 14 17 21 43 42 54 64 72 79 79 75 68 68 63 45 61 24 25 44 61 69 77 75 67 55 20 22 12 49 71 67 67 68 64 65 67 69 69 68 68 68 68 70 63 65 62 63 72 70 70 71 79 69 64 68 75 67 54 51 58 49 55 56 -9999 -9999 -9999 -9999
-9999 -9999 -9999 -9999 -9999 -9999 -9999 -9999 -9999 -9999 -9999 -9999 -9999 -9999 -9999 -9999 -9999 -9999 -9999 15 20 37 36 41 56 56 62 74 71 70 80 69 79 71 52 51 36 55 66 70 77 76 71 63 32 21 19 53 68 67 67 68 65 66 65 64 68 68 68 68 68 68 69 66 61 63 61 64 53 56 62 64 66 69 62 62 57 54 56 50 62 62 61 -9999 -9999 -9999
-9999 -9999 -9999 -9999 -9999 -9999 -9999 -9999 -9999 -9999 -9999 -9999 -9999 -9999 -9999 -9999 -9999 -9999 -9999 -9999 18 23 19 48 39 41 58 59 77 71 74 64 72 61 72 63 59 65 69 73 80 76 72 79 54 22 20 50 59 67 67 68 67 67 65 64 64 68 68 68 68 68 54 65 66 69 70 65 62 63 63 67 67 70 75 63 55 55 55 57 57 58 59 -9999 -9999 -9999
