example_catchment/sve_example_catchment_downslope_distance.asc
NCOLS         139
NROWS         162
XLLCORNER     572256.0
YLLCORNER     7071344.0
CELLSIZE      16.0
NODATA_VALUE  -9999
[rows 62 to 92 of 162, columns 0 to 69 of 139]
-9999 -9999 -9999 -9999 -9999 -9999 61.254833 45.254833 45.254833 16.0 0.0 16.0 16.0 0.0 16.0 22.627417 0.0 22.627417 38.62742 45.254833 67.88225 113.137085 429.92093 423.29352 99.88225 83.88225 67.88225 67.88225 61.254833 45.254833 22.627417 0.0 16.0 0.0 16.0 22.627417 22.627417 0.0 22.627417 16.0 0.0 16.0 22.627417 38.62742 45.254833 45.254833 45.254833 22.627417 16.0 0.0 836.07733 829.44995 822.8225 816.19507 809.5677 848.19507 818.94025 802.94025 796.31287 789.6854 106.50967 90.50967 61.254833 45.254833 45.254833 16.0 0.0 16.0 22.627417 38.62742
-9999 -9999 -9999 -9999 -9999 -9999 -9999 67.88225 38.62742 22.627417 16.0 0.0 22.627417 22.627417 0.0 22.627417 0.0 16.0 22.627417 45.254833 61.254833 67.88225 423.29352 407.29352 400.66608 90.50967 90.50967 83.88225 67.88225 45.254833 22.627417 0.0 22.627417 22.627417 0.0 22.627417 22.627417 0.0 38.62742 22.627417 16.0 0.0 22.627417 22.627417 16.0 22.627417 22.627417 22.627417 0.0 836.07733 820.07733 813.44995 806.8225 800.19507 793.5677 786.94025 825.5677 796.31287 780.31287 773.6854 767.058 83.88225 67.88225 67.88225 38.62742 22.627417 16.0 0.0 16.0 22.627417
-9999 -9999 -9999 -9999 -9999 -9999 -9999 -9999 45.254833 38.62742 22.627417 22.627417 0.0 16.0 0.0 16.0 22.627417 0.0 22.627417 38.62742 45.254833 67.88225 410.03867 394.03867 384.66608 378.03867 384.66608 90.50967 67.88225 45.254833 22.627417 22.627417 0.0 16.0 0.0 16.0 22.627417 0.0 22.627417 16.0 0.0 16.0 0.0 0.0 0.0 16.0 0.0 0.0 0.0 810.7048 804.07733 797.44995 790.8225 784.19507 777.5677 770.94025 764.31287 802.94025 773.6854 757.6854 751.058 744.4306 90.50967 61.254833 83.88225 38.62742 22.627417 22.627417 0.0 22.627417
-9999 -9999 -9999 -9999 -9999 -9999 -9999 -9999 -9999 45.254833 45.254833 16.0 0.0 22.627417 22.627417 0.0 22.627417 0.0 16.0 22.627417 45.254833 61.254833 67.88225 387.41125 371.41125 362.03867 355.41125 362.03867 77.25484 45.254833 45.254833 16.0 0.0 22.627417 22.627417 0.0 16.0 0.0 16.0 0.0 16.0 22.627417 22.627417 22.627417 16.0 0.0 22.627417 22.627417 801.33215 804.07733 788.07733 781.44995 774.8225 768.19507 761.5677 754.94025 748.31287 741.6854 780.31287 751.058 735.058 728.4306 721.80316 219.64676 77.25484 61.254833 45.254833 16.0 0.0 16.0
-9999 -9999 -9999 -9999 -9999 -9999 -9999 -9999 -9999 67.88225 38.62742 22.627417 22.627417 0.0 16.0 0.0 16.0 22.627417 0.0 22.627417 38.62742 45.254833 61.254833 67.88225 364.78384 348.78384 339.41125 332.78384 339.41125 54.62742 38.62742 22.627417 16.0 0.0 22.627417 0.0 22.627417 22.627417 0.0 16.0 1056.8612 1027.6063 1011.6063 995.6063 22.627417 837.2144 807.9596 823.9596 794.7048 778.7048 781.44995 765.44995 758.8225 752.19507 745.5677 738.94025 732.31287 725.6854 719.058 757.6854 728.4306 712.4306 705.80316 699.1758 197.01933 106.50967 38.62742 22.627417 22.627417 0.0
-9999 -9999 -9999 -9999 -9999 -9999 -9999 -9999 -9999 -9999 45.254833 45.254833 16.0 0.0 16.0 16.0 0.0 16.0 0.0 16.0 22.627417 38.62742 45.254833 61.254833 67.88225 348.78384 326.15643 316.78384 310.15643 316.78384 90.50967 45.254833 22.627417 0.0 16.0 0.0 16.0 22.627417 0.0 38.62742 1063.4886 1034.2338 1004.97894 988.97894 972.97894 830.58704 814.58704 785.33215 778.7048 772.07733 756.07733 758.8225 742.8225 736.19507 729.5677 722.94025 716.31287 709.6854 703.058 696.4306 735.058 705.80316 689.80316 683.1758 676.54834 174.39192 83.88225 45.254833 16.0 0.0
-9999 -9999 -9999 -9999 -9999 -9999 -9999 -9999 -9999 -9999 -9999 38.62742 22.627417 16.0 0.0 16.0 22.627417 0.0 22.627417 0.0 16.0 22.627417 38.62742 45.254833 61.254833 67.88225 326.15643 303.529 294.15643 287.529 294.15643 67.88225 22.627417 22.627417 0.0 22.627417 0.0 16.0 0.0 22.627417 16.0 1040.8612 1011.6063 982.3515 966.3515 950.3515 807.9596 791.9596 762.7048 756.07733 749.44995 733.44995 736.19507 720.19507 713.5677 706.94025 700.31287 693.6854 687.058 680.4306 673.80316 712.4306 683.1758 667.1758 660.54834 653.9209 151.7645 61.254833 22.627417 16.0
-9999 -9999 -9999 -9999 -9999 -9999 -9999 -9999 -9999 -9999 -9999 -9999 38.62742 22.627417 22.627417 0.0 16.0 0.0 16.0 22.627417 0.0 16.0 22.627417 38.62742 45.254833 61.254833 67.88225 303.529 280.90158 271.529 264.90158 271.529 45.254833 16.0 0.0 16.0 0.0 16.0 16.0 0.0 0.0 16.0 1018.23376 988.97894 959.7241 943.7241 927.7241 785.33215 769.33215 740.07733 733.44995 726.8225 710.8225 713.5677 697.5677 690.94025 684.31287 677.6854 671.058 664.4306 657.80316 651.1758 689.80316 660.54834 644.54834 637.9209 631.2935 129.13708 38.62742 22.627417
-9999 -9999 -9999 -9999 -9999 -9999 -9999 -9999 -9999 -9999 -9999 -9999 -9999 45.254833 16.0 0.0 16.0 22.627417 0.0 22.627417 16.0 0.0 16.0 22.627417 38.62742 45.254833 61.254833 67.88225 280.90158 258.27417 248.90158 242.27417 248.90158 22.627417 16.0 0.0 22.627417 0.0 22.627417 16.0 16.0 0.0 16.0 995.6063 966.3515 937.0967 921.0967 905.0967 762.7048 746.7048 717.44995 710.8225 704.19507 688.19507 690.94025 674.94025 668.31287 661.6854 655.058 648.4306 641.80316 635.1758 628.54834 667.1758 637.9209 621.9209 615.2935 608.6661 106.50967 32.0
-9999 -9999 -9999 -9999 -9999 -9999 -9999 -9999 -9999 -9999 -9999 -9999 -9999 -9999 22.627417 16.0 0.0 22.627417 0.0 22.627417 16.0 22.627417 0.0 16.0 22.627417 38.62742 45.254833 61.254833 67.88225 258.27417 235.64676 226.27417 219.64676 226.27417 22.627417 16.0 0.0 0.0 0.0 0.0 16.0 22.627417 0.0 22.627417 972.97894 943.7241 914.46924 898.46924 882.46924 740.07733 724.07733 694.8225 688.19507 681.5677 665.5677 668.31287 652.31287 645.6854 639.058 632.4306 625.80316 619.1758 612.54834 605.9209 644.54834 615.2935 599.2935 592.6661 586.0387 83.88225
-9999 -9999 -9999 -9999 -9999 -9999 -9999 -9999 -9999 -9999 -9999 -9999 -9999 -9999 38.62742 22.627417 16.0 0.0 0.0 0.0 0.0 16.0 16.0 0.0 16.0 22.627417 38.62742 45.254833 61.254833 229.01933 235.64676 213.01933 203.64676 197.01933 203.64676 22.627417 22.627417 22.627417 22.627417 16.0 0.0 16.0 0.0 16.0 966.3515 950.3515 921.0967 891.84186 875.84186 859.84186 717.44995 701.44995 672.19507 665.5677 658.94025 642.94025 645.6854 629.6854 623.058 616.4306 609.80316 603.1758 596.54834 589.9209 583.2935 621.9209 592.6661 576.6661 570.0387 563.41125
-9999 -9999 -9999 -9999 -9999 -9999 -9999 -9999 -9999 -9999 -9999 -9999 -9999 -9999 -9999 38.62742 22.627417 16.0 0.0 16.0 0.0 0.0 16.0 22.627417 0.0 16.0 22.627417 38.62742 45.254833 213.01933 206.39192 213.01933 190.39192 181.01933 174.39192 181.01933 197.01933 1098.2338 1068.9789 22.627417 16.0 0.0 22.627417 0.0 972.97894 943.7241 927.7241 898.46924 869.2144 853.2144 837.2144 694.8225 678.8225 649.5677 642.94025 636.31287 620.31287 623.058 607.058 600.4306 593.80316 587.1758 580.54834 573.9209 567.2935 560.6661 599.2935 570.0387 554.0387 547.41125
-9999 -9999 -9999 -9999 -9999 -9999 -9999 -9999 -9999 -9999 -9999 -9999 -9999 -9999 -9999 -9999 38.62742 22.627417 22.627417 0.0 22.627417 16.0 0.0 16.0 22.627417 0.0 16.0 22.627417 38.62742 45.254833 190.39192 197.01933 190.39192 167.7645 158.39192 151.7645 158.39192 174.39192 1075.6063 1046.3516 22.627417 16.0 0.0 0.0 22.627417 950.3515 921.0967 905.0967 875.84186 846.58704 830.58704 814.58704 672.19507 656.19507 626.94025 620.31287 613.6854 597.6854 600.4306 584.4306 577.80316 571.1758 564.54834 571.1758 551.2935 544.6661 538.0387 576.6661 547.41125 531.41125
-9999 -9999 -9999 -9999 -9999 -9999 -9999 -9999 -9999 -9999 -9999 -9999 -9999 -9999 -9999 -9999 -9999 32.0 16.0 0.0 16.0 22.627417 16.0 0.0 16.0 22.627417 0.0 16.0 22.627417 38.62742 174.39192 167.7645 174.39192 167.7645 145.13708 135.7645 129.13708 135.7645 151.7645 1052.9789 1023.7241 22.627417 16.0 0.0 959.7241 943.7241 927.7241 898.46924 882.46924 853.2144 823.9596 807.9596 791.9596 649.5677 633.5677 604.31287 597.6854 591.058 575.058 577.80316 561.80316 555.1758 548.54834 555.1758 535.2935 528.6661 522.0387 515.41125 554.0387 524.7838
-9999 -9999 -9999 -9999 -9999 -9999 -9999 -9999 -9999 -9999 -9999 -9999 -9999 -9999 -9999 -9999 -9999 -9999 -9999 16.0 0.0 16.0 90.50967 16.0 0.0 16.0 22.627417 0.0 16.0 22.627417 106.50967 151.7645 145.13708 151.7645 145.13708 122.50967 113.137085 106.50967 113.137085 129.13708 1030.3516 1001.0967 22.627417 969.0967 953.0967 937.0967 921.0967 905.0967 875.84186 859.84186 830.58704 801.33215 785.33215 769.33215 626.94025 610.94025 581.6854 575.058 568.4306 552.4306 555.1758 539.1758 532.54834 525.9209 532.54834 512.6661 506.03867 499.41125 492.78384 531.41125
-9999 -9999 -9999 -9999 -9999 -9999 -9999 -9999 -9999 -9999 -9999 -9999 -9999 -9999 -9999 -9999 -9999 -9999 -9999 -9999 16.0 0.0 38.62742 67.88225 16.0 0.0 16.0 22.627417 0.0 16.0 22.627417 83.88225 129.13708 135.7645 129.13708 135.7645 99.88225 90.50967 83.88225 90.50967 106.50967 1007.7241 978.46924 962.46924 946.46924 930.46924 914.46924 898.46924 882.46924 853.2144 837.2144 807.9596 778.7048 762.7048 746.7048 604.31287 588.31287 559.058 552.4306 545.80316 529.80316 532.54834 516.54834 509.92093 503.29352 509.92093 490.03867 483.41125 476.78384 470.15643
-9999 -9999 -9999 -9999 -9999 -9999 -9999 -9999 -9999 -9999 -9999 -9999 -9999 -9999 -9999 -9999 -9999 -9999 -9999 -9999 -9999 16.0 0.0 16.0 45.254833 16.0 0.0 16.0 22.627417 0.0 16.0 22.627417 61.254833 106.50967 113.137085 106.50967 113.137085 77.25484 67.88225 61.254833 67.88225 83.88225 985.0967 955.84186 939.84186 923.84186 907.84186 891.84186 875.84186 859.84186 830.58704 814.58704 785.33215 756.07733 740.07733 724.07733 581.6854 565.6854 536.4306 529.80316 523.1758 507.17575 509.92093 493.92093 487.29352 480.66608 487.29352 467.41125 460.78384 454.15643
-9999 -9999 -9999 -9999 -9999 -9999 -9999 -9999 -9999 -9999 -9999 -9999 -9999 -9999 -9999 -9999 -9999 -9999 -9999 -9999 -9999 -9999 16.0 0.0 16.0 22.627417 16.0 0.0 16.0 16.0 0.0 16.0 22.627417 38.62742 83.88225 90.50967 67.88225 61.254833 67.88225 45.254833 38.62742 45.254833 61.254833 962.46924 933.2144 917.2144 901.2144 885.2144 869.2144 853.2144 837.2144 807.9596 791.9596 762.7048 733.44995 717.44995 701.44995 559.058 543.058 513.80316 507.17575 500.54834 484.54834 487.29352 471.29352 464.66608 458.03867 464.66608 444.78384 438.15643
-9999 -9999 -9999 -9999 -9999 -9999 -9999 -9999 -9999 -9999 -9999 -9999 -9999 -9999 -9999 -9999 -9999 -9999 -9999 -9999 -9999 -9999 -9999 16.0 0.0 16.0 22.627417 16.0 0.0 16.0 45.254833 0.0 16.0 22.627417 67.88225 61.254833 67.88225 45.254833 38.62742 45.254833 22.627417 16.0 22.627417 38.62742 939.84186 910.58704 894.58704 878.58704 862.58704 846.58704 830.58704 814.58704 785.33215 769.33215 740.07733 710.8225 694.8225 678.8225 536.4306 520.4306 491.17575 484.54834 477.92093 461.92093 464.66608 448.66608 442.03867 435.41125 442.03867 422.15643
-9999 -9999 -9999 -9999 -9999 -9999 -9999 -9999 -9999 -9999 -9999 -9999 -9999 -9999 -9999 -9999 -9999 -9999 -9999 -9999 -9999 -9999 -9999 -9999 16.0 0.0 16.0 22.627417 16.0 0.0 16.0 22.627417 0.0 61.254833 45.254833 45.254833 38.62742 45.254833 22.627417 16.0 22.627417 0.0 16.0 655.058 946.46924 917.2144 887.9596 871.9596 855.9596 839.9596 823.9596 807.9596 791.9596 762.7048 746.7048 717.44995 688.19507 672.19507 656.19507 513.80316 497.80316 468.54834 461.92093 455.29352 439.29352 442.03867 426.03867 419.41125 412.78384 406.15643
-9999 -9999 -9999 -9999 -9999 -9999 -9999 -9999 -9999 -9999 -9999 -9999 -9999 -9999 -9999 -9999 -9999 -9999 -9999 -9999 -9999 -9999 -9999 -9999 -9999 16.0 0.0 16.0 45.254833 16.0 0.0 16.0 0.0 16.0 38.62742 22.627417 22.627417 16.0 22.627417 0.0 0.0 16.0 632.4306 639.058 632.4306 923.84186 894.58704 865.33215 849.33215 833.33215 817.33215 801.33215 785.33215 769.33215 740.07733 724.07733 694.8225 665.5677 649.5677 633.5677 491.17575 475.17575 445.92093 439.29352 432.66608 416.66608 419.41125 403.41125 396.78384 390.15643
-9999 -9999 -9999 -9999 -9999 -9999 -9999 -9999 -9999 -9999 -9999 -9999 -9999 -9999 -9999 -9999 -9999 -9999 -9999 -9999 -9999 -9999 -9999 -9999 -9999 -9999 -9999 0.0 22.627417 22.627417 16.0 0.0 16.0 0.0 22.627417 16.0 0.0 0.0 0.0 154.50967 161.13708 623.058 616.4306 623.058 616.4306 609.80316 901.2144 871.9596 842.7048 826.7048 810.7048 794.7048 778.7048 762.7048 746.7048 717.44995 701.44995 672.19507 642.94025 626.94025 610.94025 468.54834 452.54834 423.29352 416.66608 410.03867 394.03867 396.78384 380.78384 374.15643
-9999 -9999 -9999 -9999 -9999 -9999 -9999 -9999 -9999 -9999 -9999 -9999 -9999 -9999 -9999 -9999 -9999 -9999 -9999 -9999 -9999 -9999 -9999 -9999 -9999 -9999 -9999 -9999 0.0 0.0 0.0 16.0 0.0 16.0 0.0 0.0 145.13708 138.50967 131.88225 138.50967 131.88225 138.50967 600.4306 593.80316 600.4306 593.80316 587.1758 878.58704 849.33215 833.33215 804.07733 788.07733 772.07733 756.07733 740.07733 724.07733 694.8225 678.8225 649.5677 620.31287 604.31287 588.31287 445.92093 429.92093 400.66608 394.03867 387.41125 371.41125 364.78384 358.15643
-9999 -9999 -9999 -9999 -9999 -9999 -9999 -9999 -9999 -9999 -9999 -9999 -9999 -9999 -9999 -9999 -9999 -9999 -9999 -9999 -9999 -9999 -9999 -9999 -9999 -9999 -9999 -9999 -9999 -9999 22.627417 0.0 16.0 0.0 16.0 113.137085 129.13708 122.50967 115.88225 109.25484 115.88225 122.50967 571.1758 577.80316 584.4306 577.80316 571.1758 564.54834 855.9596 826.7048 810.7048 781.44995 765.44995 749.44995 733.44995 717.44995 701.44995 672.19507 656.19507 626.94025 597.6854 581.6854 565.6854 423.29352 407.29352 378.03867 371.41125 364.78384 348.78384 342.15643
-9999 -9999 -9999 -9999 -9999 -9999 -9999 -9999 -9999 -9999 -9999 -9999 -9999 -9999 -9999 -9999 -9999 -9999 -9999 -9999 -9999 -9999 -9999 -9999 -9999 -9999 -9999 -9999 -9999 -9999 -9999 0.0 16.0 16.0 0.0 16.0 90.50967 106.50967 99.88225 93.25484 99.88225 93.25484 99.88225 548.54834 555.1758 561.80316 555.1758 548.54834 541.9209 833.33215 804.07733 788.07733 758.8225 742.8225 726.8225 710.8225 694.8225 678.8225 649.5677 633.5677 604.31287 575.058 559.058 543.058 400.66608 384.66608 355.41125 348.78384 342.15643 326.15643
-9999 -9999 -9999 -9999 -9999 -9999 -9999 -9999 -9999 -9999 -9999 -9999 -9999 -9999 -9999 -9999 -9999 -9999 -9999 -9999 -9999 -9999 -9999 -9999 -9999 -9999 -9999 -9999 -9999 -9999 -9999 -9999 0.0 22.627417 16.0 0.0 16.0 67.88225 83.88225 77.25484 70.62742 77.25484 145.13708 532.54834 525.9209 532.54834 539.1758 532.54834 525.9209 519.2935 810.7048 781.44995 765.44995 736.19507 720.19507 704.19507 688.19507 672.19507 656.19507 626.94025 610.94025 581.6854 552.4306 536.4306 520.4306 378.03867 362.03867 332.78384 326.15643 319.529
-9999 -9999 -9999 -9999 -9999 -9999 -9999 -9999 -9999 -9999 -9999 -9999 -9999 -9999 -9999 -9999 -9999 -9999 -9999 -9999 -9999 -9999 -9999 -9999 -9999 -9999 -9999 -9999 -9999 -9999 -9999 -9999 -9999 -9999 22.627417 16.0 0.0 16.0 45.254833 61.254833 54.62742 122.50967 115.88225 122.50967 509.92093 503.29352 509.92093 516.54834 509.92093 503.29352 496.66608 788.07733 758.8225 742.8225 713.5677 697.5677 681.5677 665.5677 649.5677 633.5677 604.31287 588.31287 559.058 529.80316 513.80316 497.80316 355.41125 339.41125 310.15643 303.529
-9999 -9999 -9999 -9999 -9999 -9999 -9999 -9999 -9999 -9999 -9999 -9999 -9999 -9999 -9999 -9999 -9999 -9999 -9999 -9999 -9999 -9999 -9999 -9999 -9999 -9999 -9999 -9999 -9999 -9999 -9999 -9999 -9999 -9999 -9999 22.627417 16.0 0.0 16.0 22.627417 38.62742 45.254833 99.88225 93.25484 99.88225 487.29352 480.66608 487.29352 493.92093 487.29352 480.66608 474.03867 765.44995 736.19507 720.19507 690.94025 674.94025 658.94025 642.94025 626.94025 610.94025 581.6854 565.6854 536.4306 507.17575 491.17575 475.17575 332.78384 316.78384 287.529
-9999 -9999 -9999 -9999 -9999 -9999 -9999 -9999 -9999 -9999 -9999 -9999 -9999 -9999 -9999 -9999 -9999 -9999 -9999 -9999 -9999 -9999 -9999 -9999 -9999 -9999 -9999 -9999 -9999 -9999 -9999 -9999 -9999 -9999 -9999 -9999 -9999 16.0 0.0 16.0 22.627417 90.50967 83.88225 77.25484 83.88225 135.7645 464.66608 458.03867 464.66608 471.29352 464.66608 458.03867 451.41125 742.8225 713.5677 697.5677 668.31287 652.31287 636.31287 620.31287 604.31287 588.31287 559.058 543.058 513.80316 484.54834 468.54834 452.54834 310.15643 294.15643
-9999 -9999 -9999 -9999 -9999 -9999 -9999 -9999 -9999 -9999 -9999 -9999 -9999 -9999 -9999 -9999 -9999 -9999 -9999 -9999 -9999 -9999 -9999 -9999 -9999 -9999 -9999 -9999 -9999 -9999 -9999 -9999 -9999 -9999 -9999 -9999 -9999 -9999 16.0 0.0 16.0 22.627417 67.88225 61.254833 54.62742 61.254833 113.137085 442.03867 435.41125 442.03867 448.66608 442.03867 435.41125 428.78384 720.19507 690.94025 674.94025 645.6854 629.6854 613.6854 597.6854 581.6854 565.6854 536.4306 520.4306 491.17575 461.92093 445.92093 429.92093 287.529
-9999 -9999 -9999 -9999 -9999 -9999 -9999 -9999 -9999 -9999 -9999 -9999 -9999 -9999 -9999 -9999 -9999 -9999 -9999 -9999 -9999 -9999 -9999 -9999 -9999 -9999 -9999 -9999 -9999 -9999 -9999 -9999 -9999 -9999 -9999 -9999 -9999 -9999 -9999 -9999 0.0 22.627417 16.0 45.254833 38.62742 32.0 54.62742 90.50967 419.41125 412.78384 419.41125 426.03867 419.41125 412.78384 406.15643 697.5677 668.31287 652.31287 623.058 607.058 591.058 575.058 559.058 543.058 513.80316 497.80316 468.54834 439.29352 423.29352 407.29352
