example_catchment/sve_example_catchment_kuusi.asc
ncols         139
nrows         162
xllcorner     572256
yllcorner     7071344
cellsize      16
NODATA_value  -9999
[rows 37 to 73 of 162, columns 0 to 84 of 139]
-9999 -9999 -9999 -9999 -9999 -9999 -9999 -9999 -9999 -9999 -9999 0 0 0 0 0 0 0 4 10 1 10 8 34 2 23 19 9 7 7 2 16 37 84 130 103 41 22 23 37 14 33 25 15 9 48 -9999 -9999 -9999 -9999 -9999 -9999 -9999 -9999 -9999 -9999 -9999 -9999 -9999 -9999 -9999 -9999 -9999 -9999 -9999 -9999 -9999 -9999 -9999 -9999 -9999 -9999 -9999 -9999 -9999 -9999 -9999 -9999 -9999 -9999 -9999 -9999 -9999 -9999 -9999
-9999 -9999 -9999 -9999 -9999 -9999 -9999 -9999 -9999 -9999 0 0 0 0 0 0 0 0 2 12 16 26 20 25 10 17 3 5 21 28 40 12 25 20 73 74 53 14 79 67 91 19 23 33 18 64 44 -9999 -9999 -9999 -9999 -9999 -9999 -9999 -9999 -9999 -9999 -9999 -9999 -9999 -9999 -9999 -9999 -9999 -9999 -9999 -9999 -9999 -9999 -9999 -9999 -9999 -9999 -9999 -9999 -9999 -9999 -9999 -9999 -9999 -9999 -9999 -9999 -9999 -9999
-9999 -9999 -9999 -9999 -9999 -9999 -9999 -9999 -9999 0 0 0 0 0 0 0 0 0 0 10 2 1 18 26 13 8 4 1 10 7 7 67 47 14 51 61 55 85 95 116 137 115 38 35 32 45 66 41 -9999 -9999 -9999 -9999 -9999 -9999 -9999 -9999 -9999 -9999 -9999 -9999 -9999 -9999 -9999 -9999 -9999 -9999 -9999 -9999 -9999 -9999 -9999 -9999 -9999 -9999 -9999 -9999 -9999 -9999 -9999 -9999 -9999 -9999 -9999 -9999 -9999
-9999 -9999 -9999 -9999 -9999 -9999 -9999 -9999 -9999 0 0 0 0 0 0 0 0 0 1 0 1 4 13 20 12 8 14 17 5 9 47 51 38 23 35 89 159 107 142 150 146 115 101 98 20 73 92 52 32 -9999 -9999 -9999 -9999 -9999 -9999 -9999 -9999 -9999 -9999 -9999 -9999 -9999 -9999 -9999 -9999 -9999 -9999 -9999 -9999 -9999 -9999 -9999 -9999 -9999 -9999 -9999 -9999 -9999 -9999 -9999 -9999 -9999 -9999 -9999 -9999
-9999 -9999 -9999 -9999 -9999 -9999 -9999 -9999 0 0 0 0 0 0 0 0 0 0 0 1 0 3 4 7 13 7 2 11 6 28 44 71 58 13 58 35 117 136 140 147 143 118 139 32 38 21 57 41 38 56 -9999 -9999 -9999 -9999 -9999 -9999 -9999 -9999 -9999 -9999 -9999 -9999 -9999 -9999 -9999 -9999 -9999 -9999 -9999 -9999 -9999 -9999 -9999 -9999 -9999 -9999 -9999 -9999 -9999 -9999 -9999 -9999 -9999 -9999 -9999
-9999 -9999 -9999 -9999 -9999 -9999 -9999 0 0 0 0 0 0 0 0 0 0 0 0 0 0 0 0 13 35 12 0 29 29 30 10 46 52 56 60 42 85 138 140 139 151 116 117 16 37 21 25 24 41 20 32 26 -9999 -9999 -9999 -9999 -9999 -9999 -9999 -9999 -9999 -9999 -9999 -9999 -9999 -9999 -9999 -9999 -9999 -9999 -9999 -9999 -9999 -9999 -9999 -9999 -9999 -9999 -9999 -9999 -9999 -9999 -9999 -9999 -9999
-9999 -9999 -9999 -9999 -9999 -9999 0 0 0 0 0 0 0 0 0 0 0 0 0 0 0 0 0 0 0 5 0 21 38 39 104 14 53 63 36 16 35 141 140 139 120 140 118 118 18 17 15 28 12 10 43 26 58 -9999 -9999 -9999 -9999 -9999 -9999 -9999 -9999 -9999 -9999 -9999 -9999 -9999 -9999 -9999 -9999 -9999 -9999 -9999 -9999 -9999 -9999 -9999 -9999 -9999 -9999 -9999 -9999 -9999 -9999 -9999 -9999
-9999 -9999 -9999 -9999 -9999 12 1 0 0 0 0 0 0 0 0 0 0 0 0 0 0 0 0 0 16 0 27 0 30 2 3 69 33 26 25 32 34 62 41 114 124 134 116 118 102 35 14 32 13 22 19 24 37 38 -9999 -9999 -9999 -9999 -9999 -9999 -9999 -9999 -9999 -9999 -9999 -9999 -9999 -9999 -9999 -9999 -9999 -9999 -9999 -9999 -9999 -9999 -9999 -9999 -9999 -9999 -9999 -9999 -9999 -9999 -9999
-9999 -9999 -9999 -9999 14 19 9 0 0 0 0 0 0 0 0 0 0 0 0 0 0 0 0 0 0 0 11 1 20 9 91 52 135 133 202 139 52 8 81 36 99 122 138 143 90 114 35 27 20 13 32 7 61 48 32 33 -9999 -9999 -9999 -9999 -9999 -9999 -9999 -9999 -9999 -9999 -9999 -9999 -9999 -9999 -9999 -9999 -9999 -9999 -9999 -9999 -9999 -9999 -9999 -9999 -9999 -9999 -9999 -9999 -9999
-9999 -9999 -9999 96 61 46 30 62 2 0 0 0 0 0 0 0 0 0 0 0 0 0 0 0 0 0 5 17 11 17 139 122 186 74 57 9 18 50 55 64 44 23 74 101 93 88 103 18 46 30 10 16 41 47 33 26 49 -9999 -9999 -9999 -9999 -9999 -9999 -9999 -9999 -9999 -9999 -9999 -9999 -9999 -9999 -9999 -9999 -9999 -9999 -9999 -9999 -9999 -9999 -9999 -9999 -9999 -9999 -9999 -9999
-9999 -9999 -9999 40 17 70 65 17 4 34 29 10 4 6 0 0 0 0 0 0 0 0 0 0 0 55 25 18 5 37 36 32 35 24 39 23 30 15 42 52 37 23 38 18 64 82 87 77 79 18 37 9 50 53 55 41 46 116 -9999 -9999 -9999 -9999 -9999 -9999 -9999 -9999 -9999 -9999 -9999 -9999 -9999 -9999 -9999 -9999 -9999 -9999 -9999 -9999 -9999 -9999 -9999 -9999 -9999 -9999 -9999
-9999 -9999 -9999 5 21 73 126 95 30 32 33 50 37 50 9 5 0 0 0 0 0 0 0 0 22 1 3 45 60 14 44 34 54 44 58 43 17 37 38 13 30 69 15 33 47 96 63 72 84 17 78 75 13 59 47 40 97 91 73 -9999 -9999 -9999 -9999 -9999 -9999 -9999 -9999 -9999 -9999 -9999 -9999 -9999 -9999 -9999 -9999 -9999 -9999 -9999 -9999 -9999 -9999 -9999 -9999 -9999 -9999
-9999 17 7 -9999 30 17 33 80 40 11 10 25 19 41 84 7 35 34 28 1 5 79 4 0 1 5 47 55 82 66 42 14 12 16 20 41 27 16 32 18 34 18 34 11 27 30 48 60 52 30 38 91 14 15 7 21 31 30 31 32 -9999 -9999 -9999 -9999 -9999 -9999 -9999 -9999 -9999 -9999 -9999 -9999 -9999 -9999 -9999 -9999 -9999 -9999 -9999 -9999 -9999 -9999 -9999 -9999 -9999
-9999 58 17 16 45 -9999 66 45 10 36 15 19 32 5 86 70 8 83 16 15 19 35 20 7 20 48 58 13 6 0 12 17 36 42 63 62 52 22 44 43 17 16 34 24 21 11 10 31 15 32 40 42 14 21 76 13 86 79 41 24 13 -9999 -9999 -9999 -9999 -9999 -9999 -9999 -9999 -9999 -9999 -9999 -9999 -9999 -9999 -9999 -9999 -9999 -9999 -9999 -9999 -9999 -9999 -9999 -9999
34 31 21 50 81 18 7 -9999 9 28 16 13 86 99 99 47 89 52 107 93 68 55 47 49 43 8 51 -9999 8 7 5 41 48 32 28 55 46 54 23 13 9 24 22 16 24 11 12 4 43 91 18 12 47 62 47 77 11 7 27 25 10 21 -9999 -9999 -9999 -9999 -9999 -9999 -9999 -9999 -9999 -9999 -9999 -9999 -9999 -9999 -9999 -9999 -9999 -9999 -9999 -9999 -9999 -9999 -9999
45 11 15 17 40 67 57 33 76 -9999 -9999 13 11 16 47 16 86 14 22 37 26 80 31 10 12 -9999 58 18 39 -9999 23 73 31 22 26 25 41 23 47 121 79 48 6 32 33 16 43 5 18 37 22 28 29 37 24 42 20 7 39 14 6 1 22 -9999 -9999 -9999 -9999 -9999 -9999 -9999 -9999 -9999 -9999 -9999 -9999 -9999 -9999 -9999 -9999 -9999 -9999 -9999 -9999 -9999 -9999
20 7 5 8 6 147 140 82 44 42 10 42 -9999 -9999 -9999 12 2 19 2 27 18 36 33 10 -9999 27 22 37 35 15 15 -9999 16 40 25 24 7 34 19 26 33 53 20 41 46 70 47 15 19 21 22 34 39 22 43 64 113 28 18 10 8 21 18 3 -9999 -9999 -9999 -9999 -9999 -9999 -9999 -9999 -9999 -9999 -9999 -9999 -9999 -9999 -9999 -9999 -9999 -9999 -9999 -9999 -9999
-9999 11 11 13 29 73 126 121 62 71 71 52 32 47 50 10 4 -9999 -9999 -9999 57 33 44 -9999 21 17 37 34 21 17 16 16 39 -9999 -9999 0 5 13 15 37 12 87 24 21 19 20 56 41 21 39 30 22 26 51 50 73 14 28 27 9 79 34 32 3 4 -9999 -9999 -9999 -9999 -9999 -9999 -9999 -9999 -9999 -9999 -9999 -9999 -9999 -9999 -9999 -9999 -9999 -9999 -9999 -9999
-9999 61 56 11 32 30 71 58 122 92 83 57 67 37 33 33 0 6 28 14 7 12 6 8 9 73 27 58 58 26 4 8 86 4 6 -9999 -9999 24 0 18 40 82 29 25 20 15 17 12 27 25 28 29 13 19 21 8 10 31 27 18 34 32 9 37 8 24 -9999 -9999 -9999 -9999 -9999 -9999 -9999 -9999 -9999 -9999 -9999 -9999 -9999 -9999 -9999 -9999 -9999 -9999 -9999
-9999 33 21 11 6 18 28 12 40 39 23 40 39 60 30 30 10 4 10 28 14 62 40 45 2 25 16 16 29 35 58 19 17 12 9 21 9 17 -9999 -9999 12 17 36 29 25 49 59 51 27 3 14 11 21 46 8 9 4 21 33 47 15 22 9 17 6 83 37 -9999 -9999 -9999 -9999 -9999 -9999 -9999 -9999 -9999 -9999 -9999 -9999 -9999 -9999 -9999 -9999 -9999 -9999
-9999 -9999 33 30 27 24 27 41 40 38 40 40 38 39 45 44 11 2 4 38 79 75 72 39 59 3 16 4 6 102 32 10 6 0 1 0 10 0 7 15 11 33 46 19 3 54 65 19 48 18 38 12 22 22 9 0 21 6 21 33 6 8 9 8 35 36 33 12 -9999 -9999 -9999 -9999 -9999 -9999 -9999 -9999 -9999 -9999 -9999 -9999 -9999 -9999 -9999 -9999 -9999
-9999 -9999 -9999 42 31 47 41 41 40 43 28 33 33 32 43 40 5 2 10 97 19 89 65 38 42 70 1 31 26 77 22 13 0 2 2 2 0 13 5 0 1 1 24 18 24 54 36 9 47 35 34 16 1 12 0 24 20 10 22 5 6 49 92 23 33 58 35 19 6 -9999 -9999 -9999 -9999 -9999 -9999 -9999 -9999 -9999 -9999 -9999 -9999 -9999 -9999 -9999 -9999
-9999 -9999 -9999 28 23 17 42 40 30 42 43 40 50 52 31 40 27 1 24 28 73 7 58 38 39 61 74 4 1 15 30 8 8 2 2 2 2 0 0 6 37 1 0 45 31 98 86 19 31 68 63 15 29 11 12 45 48 32 21 32 27 86 32 33 43 32 29 41 28 13 -9999 -9999 -9999 -9999 -9999 -9999 -9999 -9999 -9999 -9999 -9999 -9999 -9999 -9999 -9999
-9999 -9999 -9999 -9999 30 56 12 33 46 52 39 30 32 87 88 50 41 4 0 26 20 80 61 61 67 69 60 55 24 19 32 42 20 1 0 2 1 0 0 0 0 0 10 11 26 24 38 19 25 27 51 54 71 79 12 9 48 38 45 19 37 26 43 21 45 65 29 25 7 11 10 -9999 -9999 -9999 -9999 -9999 -9999 -9999 -9999 -9999 -9999 -9999 -9999 -9999 -9999
-9999 -9999 -9999 -9999 -9999 44 76 46 74 87 77 56 40 60 87 80 66 52 28 3 21 65 67 96 98 73 66 144 74 6 36 16 28 5 7 1 1 0 0 0 0 1 0 13 2 22 17 28 9 73 63 62 64 69 73 13 37 36 53 14 20 35 26 59 28 35 43 45 19 6 5 23 -9999 -9999 -9999 -9999 -9999 -9999 -9999 -9999 -9999 -9999 -9999 -9999 -9999
-9999 -9999 -9999 -9999 -9999 -9999 66 76 52 82 89 75 56 65 82 96 64 48 24 17 28 6 92 75 60 62 72 152 157 46 72 11 29 15 10 0 0 0 2 0 0 2 2 4 17 11 6 16 35 56 86 90 72 81 106 10 3 20 13 17 19 44 56 49 28 46 59 38 50 9 9 35 15 -9999 -9999 -9999 -9999 -9999 -9999 -9999 -9999 -9999 -9999 -9999 -9999
-9999 -9999 -9999 -9999 -9999 -9999 -9999 5 6 48 61 52 39 87 73 51 37 17 4 30 35 38 14 1 59 60 66 69 73 41 71 6 88 19 9 0 0 0 0 0 0 2 2 1 0 3 11 2 8 26 145 92 94 90 105 106 93 73 70 23 27 30 28 28 26 50 31 52 42 36 7 3 2 21 -9999 -9999 -9999 -9999 -9999 -9999 -9999 -9999 -9999 -9999 -9999
-9999 -9999 -9999 -9999 -9999 -9999 -9999 -9999 89 23 45 46 51 33 39 52 18 23 44 46 38 35 21 28 12 5 61 56 72 70 51 54 48 18 6 10 0 0 0 1 1 0 0 1 2 1 0 1 2 25 140 82 70 76 89 94 75 68 68 79 7 19 14 38 37 39 32 8 44 13 24 51 3 40 14 -9999 -9999 -9999 -9999 -9999 -9999 -9999 -9999 -9999 -9999
-9999 -9999 -9999 -9999 -9999 -9999 -9999 -9999 -9999 5 43 50 38 14 22 45 34 3 64 51 41 49 1 13 33 30 55 74 96 91 66 96 136 42 23 14 0 0 0 0 0 0 8 0 1 1 0 1 11 20 131 146 83 71 93 92 98 69 89 89 71 98 82 82 27 23 33 62 54 17 11 29 24 30 33 9 -9999 -9999 -9999 -9999 -9999 -9999 -9999 -9999 -9999
-9999 -9999 -9999 -9999 -9999 -9999 -9999 -9999 -9999 5 15 53 37 12 16 43 36 17 22 33 23 14 30 1 1 39 81 103 182 166 95 67 50 50 16 3 11 0 0 0 0 0 0 9 1 0 0 28 19 71 130 140 160 122 68 64 71 64 88 89 86 90 109 98 65 26 31 55 60 77 84 47 30 15 6 6 -9999 -9999 -9999 -9999 -9999 -9999 -9999 -9999 -9999
-9999 -9999 -9999 -9999 -9999 -9999 -9999 -9999 -9999 -9999 14 54 38 23 14 38 36 64 33 30 25 28 31 52 34 9 17 67 108 161 180 201 112 90 27 58 14 0 0 1 1 0 0 0 0 0 0 15 10 115 139 172 171 179 142 68 63 60 61 53 72 77 98 89 7 29 34 21 33 25 10 14 31 31 12 12 26 -9999 -9999 -9999 -9999 -9999 -9999 -9999 -9999
-9999 -9999 -9999 -9999 -9999 -9999 -9999 -9999 -9999 -9999 -9999 45 48 76 82 74 42 35 35 12 35 55 118 58 4 38 37 30 41 162 165 205 163 69 45 28 0 2 8 1 0 0 0 0 0 0 0 0 118 176 174 144 152 203 176 102 44 63 58 64 55 63 76 93 95 9 16 56 32 14 21 25 15 17 1 6 6 28 -9999 -9999 -9999 -9999 -9999 -9999 -9999
-9999 -9999 -9999 -9999 -9999 -9999 -9999 -9999 -9999 -9999 -9999 -9999 68 50 92 135 41 40 34 21 26 65 59 121 124 82 62 62 16 57 193 166 94 75 84 12 27 20 2 4 0 0 0 0 0 0 16 1 136 180 137 134 134 170 140 141 83 69 60 62 60 63 64 64 60 101 59 18 14 17 10 10 35 30 14 17 15 28 -9999 -9999 -9999 -9999 -9999 -9999 -9999
-9999 -9999 -9999 -9999 -9999 -9999 -9999 -9999 -9999 -9999 -9999 -9999 -9999 87 168 109 153 48 98 50 37 80 94 153 191 124 86 4 26 45 174 174 71 97 95 86 29 38 5 22 2 0 0 0 0 0 21 81 184 184 184 127 122 136 117 131 177 82 89 65 89 71 69 70 87 72 99 26 22 30 10 12 8 18 16 5 4 6 6 -9999 -9999 -9999 -9999 -9999 -9999
-9999 -9999 -9999 -9999 -9999 -9999 -9999 -9999 -9999 -9999 -9999 -9999 -9999 -9999 104 104 90 97 48 44 58 61 36 90 91 101 80 58 42 59 60 63 89 57 106 84 102 91 75 28 26 13 0 0 0 0 17 80 184 143 183 144 172 133 95 98 138 183 183 98 109 74 71 71 72 72 72 74 16 35 42 8 8 19 40 31 21 9 29 -9999 -9999 -9999 -9999 -9999 -9999
-9999 -9999 -9999 -9999 -9999 -9999 -9999 -9999 -9999 -9999 -9999 -9999 -9999 -9999 85 79 155 86 75 29 43 57 56 55 40 13 116 75 33 8 4 58 14 29 11 73 112 186 172 105 30 5 4 0 0 0 14 85 184 184 184 184 184 184 167 171 184 184 183 193 176 200 155 112 49 82 105 119 59 27 25 8 11 8 14 13 6 29 10 4 -9999 -9999 -9999 -9999 -9999
-9999 -9999 -9999 -9999 -9999 -9999 -9999 -9999 -9999 -9999 -9999 -9999 -9999 -9999 -9999 84 19 61 19 8 12 20 41 17 21 84 42 31 87 48 22 22 35 17 13 84 24 49 116 116 61 55 16 2 0 0 2 13 135 185 184 184 184 192 190 186 184 187 199 191 186 193 183 186 152 175 140 109 83 47 15 67 12 10 62 29 58 17 40 10 -9999 -9999 -9999 -9999 -9999
