example_catchment/sve_example_catchment_slope_16m.asc
NCOLS         139
NROWS         162
XLLCORNER     572256.0
YLLCORNER     7071344.0
CELLSIZE      16.0
NODATA_VALUE  -9999
[rows 90 to 119 of 162, columns 69 to 137 of 139]
1.5413625 1.6095829 1.4804499 1.3922087 1.321323 1.498333 1.9868757 1.2933204 1.7824404 2.2354243 2.0062094 1.6662446 1.7217965 2.2308826 2.578455 2.8255763 3.1302295 3.3581445 3.566377 3.8988924 3.7920208 3.4459822 3.2412407 2.4211767 -9999 -9999 -9999 -9999 -9999 -9999 -9999 -9999 -9999 -9999 -9999 -9999 -9999 -9999 -9999 -9999 -9999 -9999 -9999 -9999 -9999 -9999 -9999 -9999 -9999 -9999 -9999 -9999 -9999 -9999 -9999 -9999 -9999 -9999 -9999 -9999 -9999 -9999 -9999 -9999 -9999 -9999 -9999 -9999 -9999
1.6794302 1.7490735 1.5299349 1.4650295 1.4309001 1.4346961 1.8197026 1.4310119 1.4558295 2.1211736 2.1087534 1.6973988 1.6557815 2.0517766 2.3933628 2.5362318 2.8196123 3.1990833 3.55647 3.9346821 4.041966 3.9045863 3.5332286 2.3314524 -9999 -9999 -9999 -9999 -9999 -9999 -9999 -9999 -9999 -9999 -9999 -9999 -9999 -9999 -9999 -9999 -9999 -9999 -9999 -9999 -9999 -9999 -9999 -9999 -9999 -9999 -9999 -9999 -9999 -9999 -9999 -9999 -9999 -9999 -9999 -9999 -9999 -9999 -9999 -9999 -9999 -9999 -9999 -9999 -9999
1.6399496 1.6856273 1.5586938 1.5534163 1.4979168 1.3876313 1.6607323 1.6384437 1.3354273 1.9887445 2.3749557 2.1642337 2.0648913 2.2893448 2.321023 2.3211417 2.5286963 2.8256047 3.2795484 3.9075346 4.309702 4.142787 3.6314626 2.4404364 -9999 -9999 -9999 -9999 -9999 -9999 -9999 -9999 -9999 -9999 -9999 -9999 -9999 -9999 -9999 -9999 -9999 -9999 -9999 -9999 -9999 -9999 -9999 -9999 -9999 -9999 -9999 -9999 -9999 -9999 -9999 -9999 -9999 -9999 -9999 -9999 -9999 -9999 -9999 -9999 -9999 -9999 -9999 -9999 -9999
1.5479558 1.6282227 1.5902262 1.5811672 1.3644657 1.1995062 1.4939531 1.736906 1.5025529 1.8854378 2.5177872 2.4923892 2.157292 2.332741 2.14702 1.9663001 2.1503015 2.2966087 2.5905073 3.129218 3.8522687 4.307815 4.0828223 2.8983638 -9999 -9999 -9999 -9999 -9999 -9999 -9999 -9999 -9999 -9999 -9999 -9999 -9999 -9999 -9999 -9999 -9999 -9999 -9999 -9999 -9999 -9999 -9999 -9999 -9999 -9999 -9999 -9999 -9999 -9999 -9999 -9999 -9999 -9999 -9999 -9999 -9999 -9999 -9999 -9999 -9999 -9999 -9999 -9999 -9999
1.6918052 1.6915557 1.6120781 1.5333236 1.2056166 1.0854433 1.3127514 1.6363102 1.6036028 1.5622306 2.2392244 2.5634549 2.5152283 2.8109043 2.60374 2.1760316 2.0808356 1.8257189 1.8539392 2.199865 2.8362138 3.6362462 3.9378006 2.9852 2.1210976 -9999 -9999 -9999 -9999 -9999 -9999 -9999 -9999 -9999 -9999 -9999 -9999 -9999 -9999 -9999 -9999 -9999 -9999 -9999 -9999 -9999 -9999 -9999 -9999 -9999 -9999 -9999 -9999 -9999 -9999 -9999 -9999 -9999 -9999 -9999 -9999 -9999 -9999 -9999 -9999 -9999 -9999 -9999 -9999
1.8974022 1.6936351 1.5473375 1.3916187 1.1261455 1.0696055 1.191292 1.4427735 1.6524537 1.4357036 1.6434354 2.3423836 2.8760664 3.4109583 3.3897913 2.838245 2.4948504 1.95598 1.5210892 1.611405 2.0606 2.728408 3.2373188 3.2893121 2.4187636 1.5476003 -9999 -9999 -9999 -9999 -9999 -9999 -9999 -9999 -9999 -9999 -9999 -9999 -9999 -9999 -9999 -9999 -9999 -9999 -9999 -9999 -9999 -9999 -9999 -9999 -9999 -9999 -9999 -9999 -9999 -9999 -9999 -9999 -9999 -9999 -9999 -9999 -9999 -9999 -9999 -9999 -9999 -9999 -9999
2.1850123 1.7509038 1.4786183 1.3189378 1.1594472 1.0719464 1.1447204 1.3550669 1.512751 1.6963152 1.5880171 1.6983359 2.1051135 2.791749 3.1327229 3.0512927 2.8284278 2.4922998 1.8427633 1.3226693 1.3431894 1.8529568 2.6618402 3.0185828 2.8425853 2.0435166 1.3454634 -9999 -9999 -9999 -9999 -9999 -9999 -9999 -9999 -9999 -9999 -9999 -9999 -9999 -9999 -9999 -9999 -9999 -9999 -9999 -9999 -9999 -9999 -9999 -9999 -9999 -9999 -9999 -9999 -9999 -9999 -9999 -9999 -9999 -9999 -9999 -9999 -9999 -9999 -9999 -9999 -9999 -9999
2.4025593 2.062427 1.5098506 1.283292 1.1578624 1.1133953 1.239639 1.3497258 1.3861423 1.7387024 1.8003068 1.4832746 1.1906601 1.9242933 2.4150116 2.8318503 2.8440552 2.677901 2.5141685 1.9710346 1.4274259 1.3235426 1.8615588 2.7348366 3.0727534 2.7231436 2.0082867 1.7525992 1.6070051 -9999 -9999 -9999 -9999 -9999 -9999 -9999 -9999 -9999 -9999 -9999 -9999 -9999 -9999 -9999 -9999 -9999 -9999 -9999 -9999 -9999 -9999 -9999 -9999 -9999 -9999 -9999 -9999 -9999 -9999 -9999 -9999 -9999 -9999 -9999 -9999 -9999 -9999 -9999 -9999
2.210043 2.4329221 1.7085384 1.2603562 1.2023622 1.2271808 1.2777152 1.2748699 1.3930504 1.6865722 1.676723 1.6874707 1.2563435 1.7074828 2.1953337 2.5548267 2.665115 2.31961 2.5242033 2.696289 2.351231 1.786841 1.467164 1.9831643 2.9472432 3.1452322 2.8509536 2.9498994 2.500665 1.6148634 -9999 -9999 -9999 -9999 -9999 -9999 -9999 -9999 -9999 -9999 -9999 -9999 -9999 -9999 -9999 -9999 -9999 -9999 -9999 -9999 -9999 -9999 -9999 -9999 -9999 -9999 -9999 -9999 -9999 -9999 -9999 -9999 -9999 -9999 -9999 -9999 -9999 -9999 -9999
1.8300691 2.481892 2.180248 1.4742267 1.3555965 1.3677285 1.2918386 1.299348 1.4869949 1.5440569 1.4035046 1.6377275 1.4665383 1.1333544 2.0261059 2.6128626 3.035232 2.5853288 2.3101158 2.5296922 2.7106242 2.5721533 2.076761 1.7940433 2.2091565 2.8438966 2.9035223 2.7353776 2.8783107 2.4074657 1.8061799 -9999 -9999 -9999 -9999 -9999 -9999 -9999 -9999 -9999 -9999 -9999 -9999 -9999 -9999 -9999 -9999 -9999 -9999 -9999 -9999 -9999 -9999 -9999 -9999 -9999 -9999 -9999 -9999 -9999 -9999 -9999 -9999 -9999 -9999 -9999 -9999 -9999 -9999
1.7640296 2.2712626 2.5149095 1.9718194 1.5492523 1.4267093 1.3180437 1.3460246 1.3992373 1.2764575 1.1567656 1.3300079 1.6254753 1.0446314 1.4942851 2.481069 3.258659 3.3069172 2.681116 2.1965525 2.2558198 2.5671694 2.547546 2.18898 1.8412062 1.987606 2.515616 2.6096807 2.4645088 2.8755264 2.5741062 1.7596778 -9999 -9999 -9999 -9999 -9999 -9999 -9999 -9999 -9999 -9999 -9999 -9999 -9999 -9999 -9999 -9999 -9999 -9999 -9999 -9999 -9999 -9999 -9999 -9999 -9999 -9999 -9999 -9999 -9999 -9999 -9999 -9999 -9999 -9999 -9999 -9999 -9999
1.8706783 2.156173 2.3948314 2.4632623 1.9503862 1.536619 1.3514814 1.2891074 1.2291098 1.0848838 1.0193177 1.0945344 1.4352838 1.5295742 0.7731053 1.1683824 2.3594706 3.3329866 3.337484 2.4528437 1.7497839 1.6483431 1.8800375 2.2646086 2.3053322 2.1544309 2.4558692 2.8781261 2.6801937 2.6294193 3.1786337 2.7015061 1.8584795 -9999 -9999 -9999 -9999 -9999 -9999 -9999 -9999 -9999 -9999 -9999 -9999 -9999 -9999 -9999 -9999 -9999 -9999 -9999 -9999 -9999 -9999 -9999 -9999 -9999 -9999 -9999 -9999 -9999 -9999 -9999 -9999 -9999 -9999 -9999 -9999
1.9873618 2.1005719 2.143716 2.5988948 2.454009 1.739886 1.2531296 1.1023794 1.0620558 1.007275 0.9902706 1.0011321 1.1578978 1.337407 1.1380875 0.7964276 1.1159282 2.2558556 3.3654735 3.1425254 2.246517 1.4641331 1.2432071 1.7382025 2.3711624 2.5857022 2.6903646 3.0769143 3.1475482 2.7099147 2.7423918 3.236846 2.5404084 1.5664896 -9999 -9999 -9999 -9999 -9999 -9999 -9999 -9999 -9999 -9999 -9999 -9999 -9999 -9999 -9999 -9999 -9999 -9999 -9999 -9999 -9999 -9999 -9999 -9999 -9999 -9999 -9999 -9999 -9999 -9999 -9999 -9999 -9999 -9999 -9999
2.30529 2.0090106 1.96925 2.6992288 2.7010088 1.8242923 1.0769521 0.90799206 0.92622614 0.9514451 0.9642003 0.911294 0.9823066 0.99759537 0.90187055 1.2065331 1.3600448 0.7840753 2.372029 3.3276603 3.2471318 2.3299816 1.542437 1.5435526 1.8717636 2.182726 2.295333 2.5787673 3.0502622 3.0390718 2.6430027 2.6794589 3.045248 2.4471276 1.632943 -9999 -9999 -9999 -9999 -9999 -9999 -9999 -9999 -9999 -9999 -9999 -9999 -9999 -9999 -9999 -9999 -9999 -9999 -9999 -9999 -9999 -9999 -9999 -9999 -9999 -9999 -9999 -9999 -9999 -9999 -9999 -9999 -9999 -9999
2.740809 2.1100426 2.0712926 2.8332555 2.555118 1.5673908 1.0067558 0.8843852 0.85324025 0.86466 0.89184636 0.8501214 0.9675319 0.9769306 0.8110705 1.0484247 1.4955356 1.051938 1.0805701 2.4570036 3.2251978 3.0774634 2.3934057 2.0183654 1.7968843 1.7059193 1.6681958 1.9059118 2.6181443 3.3475344 3.425053 2.9905984 2.9455986 3.3151271 2.6440923 1.8122588 -9999 -9999 -9999 -9999 -9999 -9999 -9999 -9999 -9999 -9999 -9999 -9999 -9999 -9999 -9999 -9999 -9999 -9999 -9999 -9999 -9999 -9999 -9999 -9999 -9999 -9999 -9999 -9999 -9999 -9999 -9999 -9999 -9999
3.050881 2.5391238 2.1727421 2.5582628 2.0720367 1.3140186 1.0605448 0.9386555 0.7748406 0.7769491 0.82402736 0.8362658 1.027085 1.0224789 0.83509576 0.91206354 1.1884477 1.2932621 0.3536994 1.2978761 2.463183 2.9630575 2.6505141 2.1239316 1.7164395 1.5337287 1.4727658 1.5249093 1.976752 2.8362088 3.6857 3.7543802 3.297842 3.2750528 3.4443827 2.581745 1.6461875 1.0669527 -9999 -9999 -9999 -9999 -9999 -9999 -9999 -9999 -9999 -9999 -9999 -9999 -9999 -9999 -9999 -9999 -9999 -9999 -9999 -9999 -9999 -9999 -9999 -9999 -9999 -9999 -9999 -9999 -9999 -9999 -9999
2.9584897 2.632617 2.1653419 2.2687802 1.7769495 1.3074149 1.0440495 0.9099742 0.7531641 0.7039957 0.7408233 0.8124992 1.0890777 1.1152483 0.89869875 0.77114123 0.80867976 1.063241 0.9992538 0.40853286 1.5924201 2.5440345 2.5497339 2.011166 1.6057662 1.4800396 1.4486737 1.3823366 1.486968 1.9005027 2.7998934 3.6291904 3.6995459 3.4635868 3.33223 3.3301752 2.8943238 1.7537456 1.0532291 -9999 -9999 -9999 -9999 -9999 -9999 -9999 -9999 -9999 -9999 -9999 -9999 -9999 -9999 -9999 -9999 -9999 -9999 -9999 -9999 -9999 -9999 -9999 -9999 -9999 -9999 -9999 -9999 -9999 -9999
2.6904616 2.2729025 2.1818523 2.5489159 1.8409593 1.2580063 0.9221942 0.841648 0.74509895 0.6273326 0.69822115 0.9113349 1.1562679 1.1021904 0.8923527 0.67185843 0.59898454 0.61392725 0.97137725 1.372108 0.7869281 1.5870255 2.8665206 2.8626678 2.2875886 1.8476808 1.5441757 1.3221916 1.3385533 1.4150516 1.8415481 2.743068 3.502333 3.7743046 3.6670303 3.632042 3.4952767 2.8442225 1.6867396 0.77553403 -9999 -9999 -9999 -9999 -9999 -9999 -9999 -9999 -9999 -9999 -9999 -9999 -9999 -9999 -9999 -9999 -9999 -9999 -9999 -9999 -9999 -9999 -9999 -9999 -9999 -9999 -9999 -9999 -9999
2.271502 1.7909003 1.8436626 2.906983 2.2472992 1.266388 0.9078139 0.81404424 0.7121171 0.6317598 0.73427796 1.0590335 1.1711282 0.9479193 0.8109114 0.68588716 0.61791897 0.49868816 0.29447222 0.83686686 1.7335869 1.2214938 1.9323676 3.174477 3.1356664 2.6947916 2.3018515 1.79034 1.4904625 1.3134022 1.3284134 1.8184619 2.6909251 3.3659203 3.7731738 3.9979837 4.0001206 3.663764 2.9314368 1.7816421 0.9431876 -9999 -9999 -9999 -9999 -9999 -9999 -9999 -9999 -9999 -9999 -9999 -9999 -9999 -9999 -9999 -9999 -9999 -9999 -9999 -9999 -9999 -9999 -9999 -9999 -9999 -9999 -9999 -9999
1.8339261 1.5371625 1.2246392 2.5389075 2.6161115 1.7211146 1.1786982 0.9266891 0.7913877 0.74903905 0.7692005 1.0636688 1.0947044 0.79264486 0.7836951 0.7729804 0.70087326 0.65651226 0.7482292 1.010096 1.3771981 1.8121506 1.1697967 1.8479925 2.9770947 3.045363 2.8583283 2.42425 1.7834089 1.367013 1.2209094 1.332438 1.8917395 2.353124 2.721142 3.4658403 3.907909 3.9145415 3.6716402 3.0709383 1.9731565 1.086304 -9999 -9999 -9999 -9999 -9999 -9999 -9999 -9999 -9999 -9999 -9999 -9999 -9999 -9999 -9999 -9999 -9999 -9999 -9999 -9999 -9999 -9999 -9999 -9999 -9999 -9999 -9999
2.1210454 1.8536953 1.2349806 1.3612697 2.2266247 2.603449 2.0330317 1.4086308 1.3276066 1.1714392 0.86761993 0.9753805 0.9851573 0.7316829 0.80439955 0.88544023 0.75826615 0.69492644 0.7963678 0.85473967 0.9670548 1.3609719 1.7609009 1.194996 1.8432887 2.7261643 2.7868867 2.6195226 2.149034 1.6581166 1.4263968 1.4199549 1.732407 1.9750522 1.6277528 2.0835078 3.0289898 3.645395 3.8711748 3.6525197 3.2015307 2.1506622 1.1976699 -9999 -9999 -9999 -9999 -9999 -9999 -9999 -9999 -9999 -9999 -9999 -9999 -9999 -9999 -9999 -9999 -9999 -9999 -9999 -9999 -9999 -9999 -9999 -9999 -9999 -9999
1.7159089 1.4933075 1.0825151 0.6649454 0.65823644 2.1064181 2.5918639 1.9765643 1.9719303 2.0748239 1.3599901 0.9492443 0.86899704 0.68835855 0.7806777 1.0308937 0.90037614 0.69401824 0.90059584 0.98976576 0.86478007 0.9685015 1.4716566 1.857708 1.0441602 2.0268948 2.8662243 2.884504 2.5417159 2.0261593 1.6378702 1.6103084 1.8814301 2.2204134 1.5917767 1.1288754 1.503006 2.4120815 3.2634497 3.6228955 3.6112242 3.2538185 2.1107323 1.1601256 -9999 -9999 -9999 -9999 -9999 -9999 -9999 -9999 -9999 -9999 -9999 -9999 -9999 -9999 -9999 -9999 -9999 -9999 -9999 -9999 -9999 -9999 -9999 -9999 -9999
0.9703437 0.8651537 0.7240942 0.81089956 0.91284645 0.59869725 1.660723 1.8386533 1.8244911 2.3132617 2.146667 1.4365678 0.9287454 0.611513 0.6740882 1.135691 1.1379107 0.7327801 0.7677343 1.0814017 1.0166857 0.89604545 1.070804 1.6335906 1.8293437 1.1419419 2.1496067 3.095448 3.136757 2.668686 1.9719768 1.5419725 1.85299 2.4525383 1.9433577 1.1696664 0.9027942 1.3289039 2.111022 2.8375144 3.3649755 3.462817 3.1783545 2.27186 1.6617808 1.4257437 -9999 -9999 -9999 -9999 -9999 -9999 -9999 -9999 -9999 -9999 -9999 -9999 -9999 -9999 -9999 -9999 -9999 -9999 -9999 -9999 -9999 -9999 -9999
0.84962213 0.8670385 0.7604815 0.72430307 0.8535408 0.96353686 0.55930305 1.1436831 1.7164841 1.9487758 2.2346468 2.0752041 1.2695551 0.6097322 0.54179966 0.981096 1.3146371 1.021306 0.6478311 0.9097338 1.2747864 1.1553192 1.0910984 1.1741883 1.7041217 1.7868668 0.8597494 1.8896528 3.0434964 3.1021662 2.4397166 1.6469543 1.8425838 2.3760219 1.983223 1.4402859 1.226906 1.3485528 1.6643394 1.9602904 2.5716326 3.1320179 3.3691757 3.2288694 2.9066582 2.097557 1.4383681 -9999 -9999 -9999 -9999 -9999 -9999 -9999 -9999 -9999 -9999 -9999 -9999 -9999 -9999 -9999 -9999 -9999 -9999 -9999 -9999 -9999 -9999
1.3982438 1.0707542 0.6747613 0.5676291 0.6242008 0.80210036 0.9464796 0.5906371 1.1517165 1.9031183 2.241506 2.3217177 1.5983334 0.7705108 0.6333826 0.73147297 1.0587419 1.3453754 0.88095164 0.73634005 1.2150813 1.534288 1.293889 1.0868804 1.206758 1.4663783 1.6399895 0.8462455 1.703487 2.61628 2.4557717 2.191488 2.2144277 2.1871939 1.7712181 1.5295206 1.3828807 1.4683672 1.7448456 1.7868866 2.1779165 2.8288517 3.1646976 3.133407 2.9317255 2.622424 1.8987031 1.3662491 -9999 -9999 -9999 -9999 -9999 -9999 -9999 -9999 -9999 -9999 -9999 -9999 -9999 -9999 -9999 -9999 -9999 -9999 -9999 -9999 -9999
4.2556562 2.0951219 1.3218962 0.8718313 0.5284361 0.38576168 0.584708 0.77985406 0.5358169 1.421278 2.4871416 2.6191602 1.8331764 0.9836203 0.80633837 0.89205146 0.9824475 1.2788974 1.2155749 0.8853398 1.096356 1.5759745 1.5413649 1.0957149 0.9877749 0.94302267 1.4321505 1.6623944 0.5332806 1.9842483 2.4959676 2.6478133 2.7070506 2.2551723 1.7623737 1.6169509 1.5270138 1.5495939 1.8443471 2.2513309 2.8636584 3.3266113 3.4052122 3.191872 3.1926029 2.8854167 2.3010056 1.6451577 1.3679107 -9999 -9999 -9999 -9999 -9999 -9999 -9999 -9999 -9999 -9999 -9999 -9999 -9999 -9999 -9999 -9999 -9999 -9999 -9999 -9999
9.846763 5.8451257 2.5628107 1.4353008 1.0114789 0.5502778 0.3165822 0.37947822 0.65864676 0.84314376 1.959168 2.8157427 2.3313775 1.4222212 1.0312531 1.0070202 1.108869 1.3308033 1.3215613 1.0462236 1.0493852 1.3879205 1.5844417 1.2262614 1.043818 1.0957992 1.3611495 1.620409 0.90731853 1.2946066 2.4041765 2.7712204 2.8722327 2.3897114 1.9844354 1.90312 2.0628736 2.1416595 2.251143 2.607272 2.9859092 3.3542929 3.5880697 3.325804 3.3055122 3.2393327 2.5116832 1.9927087 1.5750996 1.3376956 -9999 -9999 -9999 -9999 -9999 -9999 -9999 -9999 -9999 -9999 -9999 -9999 -9999 -9999 -9999 -9999 -9999 -9999 -9999
11.672889 11.644617 7.091638 2.93394 1.4033171 1.0434428 0.7356661 0.44448364 0.34929737 0.5154927 1.0488254 2.2241557 2.6812708 2.147051 1.598922 1.367288 1.1985612 1.1402792 1.1266855 1.0391088 1.0407971 1.2429852 1.517258 1.4210361 1.2899799 1.3271594 1.4827467 1.5489541 1.2154313 0.9290678 2.0459425 2.7294319 2.9009333 2.5012188 2.2885034 2.2865858 2.5191398 2.8448505 3.1188147 2.9703794 2.4231884 2.4988859 3.0626802 3.1671603 3.2216563 3.4445105 3.1213012 2.3374052 1.97732 1.4861932 1.2649747 -9999 -9999 -9999 -9999 -9999 -9999 -9999 -9999 -9999 -9999 -9999 -9999 -9999 -9999 -9999 -9999 -9999 -9999
7.088677 12.535266 12.89251 7.9942675 2.9624045 1.2538683 1.1384678 0.863969 0.53885764 0.4379365 0.5594236 1.341088 2.3951514 2.695049 2.3335502 1.9076684 1.4802998 1.2509983 1.1529458 1.0471163 1.0030724 1.2218354 1.5490509 1.536762 1.3806467 1.2847072 1.4013767 1.6192176 1.469026 1.1962848 1.8407891 2.557978 2.9907682 2.7560494 2.4951625 2.4331217 2.5639622 2.925884 3.3321247 3.2092192 2.6034157 2.2818336 2.5828242 2.9108021 3.0407588 3.3008986 3.3184786 2.8939579 2.379503 1.9195791 1.6195685 1.5812298 -9999 -9999 -9999 -9999 -9999 -9999 -9999 -9999 -9999 -9999 -9999 -9999 -9999 -9999 -9999 -9999 -9999
2.7840557 7.1515765 13.061465 13.761435 8.481857 3.06452 1.2951372 1.1112382 0.75301695 0.5224396 0.46370718 0.73874134 1.5801548 2.620643 3.0716014 2.6891139 1.8741021 1.4703064 1.4418436 1.309167 1.2230785 1.4975147 1.6716572 1.4959757 1.3255223 1.2829891 1.4818014 1.8536215 1.7217607 1.5530498 1.9290876 2.1684153 2.4928012 2.4460764 2.3047798 2.2558622 2.386282 2.5333014 2.5918965 2.7840266 3.0257459 2.8732452 2.741437 2.9350445 3.1625671 3.239643 3.0448909 2.9258037 2.960458 2.4494042 2.1785994 1.9056056 1.3968546 -9999 -9999 -9999 -9999 -9999 -9999 -9999 -9999 -9999 -9999 -9999 -9999 -9999 -9999 -9999 -9999
