example_catchment/sve_example_catchment_flow_accum_D-inf_grids.asc
NCOLS         139
NROWS         162
XLLCORNER     572256.0
YLLCORNER     7071344.0
CELLSIZE      16.0
NODATA_VALUE  -9999
[rows 62 to 92 of 162, columns 0 to 69 of 139]
-9999 -9999 -9999 -9999 -9999 -9999 1.0 1.2222222 2.6074073 2.9374485 61.29278 1.0 1.0 28.480059 1.0 1.0 47.85194 4.9404116 3.2 1.0 1.0 1.0 1.9555556 1.0 1.0 2.0 3.8666666 4.045926 4.4212346 2.7672472 2.9074848 3.9501562 1.0 104.974075 1.0 1.0 1.0 23.60395 1.0 1.0 24.0 1.0 1.5111111 1.4888889 1.4666667 1.0 1.2222222 1.5703703 1.314074 152.75655 1.0 1.0 1.4666667 2.4933333 4.3434076 4.092392 3.5577667 16.776361 1.0 2.9454048 5.246759 5.896975 5.639243 7.026519 3.8149056 8.064607 1430.568 2.5555556 1.0 1.0
-9999 -9999 -9999 -9999 -9999 -9999 -9999 1.0 1.2888889 2.3071604 1.4814814 67.42612 1.0 1.0 33.124504 1.0 50.169384 2.28 2.0617285 1.7777778 1.2222222 1.0 1.0 4.0444446 1.9111111 1.0 1.1333333 1.5792593 1.4714074 2.7933235 4.8276944 8.646372 1.0 1.0 108.72963 1.0 1.0 26.648396 1.0 1.0 1.0 70.492836 1.0 1.4632099 2.0582716 2.4340742 1.7777778 1.6518519 3.7980247 1.0 155.62321 1.9111111 1.2222222 1.5866667 1.9419259 3.43013 5.149745 4.599593 19.380697 1.6222222 1.7920866 2.425036 2.4550216 3.5616138 4.351785 1.0 4.1352816 1439.7699 2.2 1.0
-9999 -9999 -9999 -9999 -9999 -9999 -9999 -9999 1.0 1.6666666 2.651852 2.1190124 71.54513 1.0 35.480057 1.0 1.0 56.804115 2.382716 2.0864198 1.5358025 1.6 1.0 1.0 6.4533334 2.1466668 1.0 1.0 1.8444444 1.7377778 4.540282 3.8860157 13.532387 1.0 111.974075 1.0 1.0 28.826174 1.0 1.0 41.981728 1.0 73.89284 76.63204 82.01432 1.0 89.920494 93.99704 95.729385 1.0 1.7777778 157.21877 3.7649384 2.806815 1.1057777 2.9197104 2.9559941 2.9454591 6.1403103 20.926502 4.410257 3.0889146 1.617783 2.4020786 3.2953196 2.7575037 1.0 3.2767394 1446.1719 1.0
-9999 -9999 -9999 -9999 -9999 -9999 -9999 -9999 -9999 1.0 2.288889 3.0548148 77.06707 1.0 1.0 38.28006 1.0 60.893826 2.9009602 2.1751988 2.754952 1.3911111 1.6666666 1.3333334 1.3555555 9.790617 9.254277 3.0896492 3.6090372 3.807029 1.8460064 5.626616 21.159002 1.0 1.0 114.974075 1.0 32.048393 1.0 37.981728 1.0 1.0 1.0 1.5111111 1.0 85.40741 1.0 1.0 1.4 97.63161 42.444454 20.145683 166.74088 3.9117718 1.0623736 1.0491457 3.8486838 6.60731 2.1781838 7.078546 21.63938 6.9234276 3.4711316 1.0 1.5333333 4.071149 3.1712794 4.92891 1455.8551 2.0
-9999 -9999 -9999 -9999 -9999 -9999 -9999 -9999 -9999 1.0 1.2444445 1.6928395 1.6331193 80.70019 1.0 40.480057 1.0 1.0 68.30508 3.754952 1.741926 2.241778 2.074074 1.562963 1.7703704 2.9812346 4.3772182 10.35996 1.4806122 3.0523028 4.052303 1.0 1.0 23.271992 1.0 116.92963 1.0 1.0 33.981728 1.0 1.0 1.0 1.0 1.5333333 2.0222223 1.6291358 1.6878574 1.0 1.6 2.92 58.64226 54.193012 57.721928 147.5081 3.9747953 1.0 1.53623 2.1973684 7.8026314 2.6941428 7.523323 21.091608 13.838747 2.774134 1.4666667 1.2281481 4.018849 2.428924 2.2303596 1464.185
-9999 -9999 -9999 -9999 -9999 -9999 -9999 -9999 -9999 -9999 1.0 1.6666666 2.4814816 85.95945 1.0 1.0 43.480057 1.0 72.72494 2.1225746 2.8647835 2.8720658 3.3792593 1.3820577 1.0 1.0 3.6499863 4.437439 11.35996 1.2303175 1.0 1.4888889 1.6948148 5.4012175 24.271992 142.24606 1.0 1.0 1.6 1.0 1.0 3.2 1.4 1.4666667 1.5111111 1.7387655 3.438027 2.3502858 1.0 1.7777778 4.030321 34.28653 54.210537 58.721928 152.4829 1.3111111 3.2251189 1.0 4.833626 7.415497 2.6763556 9.207978 25.758959 13.306784 1.3082371 2.2385185 1.1091688 1.5915567 1.954934 1468.3475
-9999 -9999 -9999 -9999 -9999 -9999 -9999 -9999 -9999 -9999 -9999 1.0 1.7777778 1.2222222 90.24834 1.0 1.0 46.657837 1.0 78.52131 4.063051 4.379259 1.6142478 2.190032 1.5777777 1.4222223 1.5777777 3.9090016 9.273031 10.908179 1.4101058 2.4825172 3.3387516 1.5193614 7.6842337 1.0 144.82384 1.0 4.0666666 1.0222223 1.9777777 1.4 4.76 3.208889 1.0977777 1.7723457 2.7217667 4.861413 3.3502858 1.5489016 1.9508685 3.1471384 18.469046 63.008575 199.91072 32.807693 2.5767248 2.648394 1.5555556 7.316725 7.745367 2.3426974 7.725784 35.038734 6.404942 2.328261 2.8405597 1.5176121 1.6070448 2.042881
-9999 -9999 -9999 -9999 -9999 -9999 -9999 -9999 -9999 -9999 -9999 -9999 1.0 1.7777778 1.7333333 93.55797 1.0 49.480057 1.0 1.0 88.96362 2.3631427 1.9324485 2.613874 2.9150617 1.9797531 1.0 2.5076544 5.0171704 18.989536 6.0904837 1.4386996 3.0887995 3.2651196 13.932362 1.0 147.24606 1.0 1.0 6.4301233 10.066667 1.9022223 1.4977778 7.1101236 3.608395 1.414716 1.6301674 3.4070587 6.3914 5.763726 2.032601 1.8815829 4.016488 13.902387 50.440228 240.83562 3.9622214 3.579985 2.8983922 1.0691358 7.5037556 8.05689 1.937079 19.188648 28.54539 6.8998427 3.8136263 2.0099769 2.714558 3.1716464
-9999 -9999 -9999 -9999 -9999 -9999 -9999 -9999 -9999 -9999 -9999 -9999 -9999 1.0 1.9777777 97.95945 1.0 1.0 52.857838 1.0 1.0 95.13039 2.522896 3.5153909 2.8394513 3.3597806 1.4 1.0 1.8358848 3.118361 19.989536 7.0904837 1.2877399 2.9111047 2.1644418 17.555195 1.0 149.93495 1.0 1.0 1.0 13.968889 1.0 3.3792264 7.4026666 4.8708453 1.9117059 2.5214896 4.3813696 6.900059 7.070396 2.6712499 2.3746238 4.579266 14.033432 50.454758 255.09634 5.3724294 3.7695746 1.6515061 1.8799474 11.261716 6.550302 1.8178778 24.681454 25.739338 10.442261 2.2712088 2.205986 3.156964
-9999 -9999 -9999 -9999 -9999 -9999 -9999 -9999 -9999 -9999 -9999 -9999 -9999 -9999 1.0 1.4444444 102.821175 1.0 55.3245 1.0 1.0 1.0 102.387474 3.8003633 4.8067575 1.3733089 2.5555556 1.8444444 2.019936 1.8159488 4.118361 24.395582 6.5148206 1.2003151 1.2133894 1.7549978 21.256058 24.727476 176.66243 179.66243 1.0 1.0 15.968889 1.7509391 3.628287 8.780406 6.3765635 2.1895058 3.455093 5.0781665 9.286112 9.514902 2.8401942 1.5804636 1.9896989 9.233816 45.26253 266.07114 5.9509177 2.5358098 1.3670013 2.295075 17.189602 3.183434 2.131124 32.585266 21.019485 22.588364 1.0 1.049022
-9999 -9999 -9999 -9999 -9999 -9999 -9999 -9999 -9999 -9999 -9999 -9999 -9999 -9999 1.0 1.5555556 1.5827161 106.61377 24.847504 81.79423 2.3777778 1.0 1.0 112.24687 2.846365 2.6944149 2.1358025 3.8319688 2.0324118 1.1614177 2.654531 3.2879782 27.578058 6.5014043 1.9869257 1.7506164 1.933662 1.0 1.0 1.6444445 183.48465 1.0 20.097273 1.6225562 1.0 5.687075 11.895396 5.6761465 3.256151 4.62796 6.2366285 12.029216 15.768396 5.15043 4.3505745 3.862115 6.506743 42.10725 270.50943 5.7103114 2.4013312 1.303778 2.7340565 20.52412 1.8489157 1.9471662 34.537212 13.144591 24.588364 1.0
-9999 -9999 -9999 -9999 -9999 -9999 -9999 -9999 -9999 -9999 -9999 -9999 -9999 -9999 -9999 1.0 1.5555556 1.7012346 86.35392 1.0 83.79423 89.03867 1.0 1.0 119.07778 2.5480044 3.29357 4.131438 2.6259294 1.6194228 3.4296615 1.7668645 3.393765 31.581139 5.478745 2.2363093 1.3478703 1.0 1.0 1.0 1.8222222 187.36201 1.0 22.719828 1.0 1.7555555 5.648012 14.276021 6.1716003 3.3154852 3.776776 6.231156 13.756334 24.492939 10.1918745 8.852653 10.198783 9.479891 44.792564 276.5655 5.0509768 1.5215112 3.5442145 10.637849 14.3786 1.3286961 1.9952183 36.290962 26.373041 17.814465
-9999 -9999 -9999 -9999 -9999 -9999 -9999 -9999 -9999 -9999 -9999 -9999 -9999 -9999 -9999 -9999 1.0 1.6444445 1.9135803 88.3745 1.0 1.1333333 92.99423 1.0 1.1111112 126.37176 3.03586 4.8630176 2.5172036 1.8277049 5.2213793 1.0 2.492019 3.413344 32.58114 6.478745 2.888439 5.483323 1.8 1.3111111 1.5827161 1.527572 194.33418 24.208717 1.7111111 1.2888889 2.4044445 5.267387 19.379896 6.5573244 3.2840009 3.0325055 1.8271286 6.7008486 22.63284 11.791632 10.633205 12.780659 11.918737 73.35368 255.90024 4.552712 4.6456485 1.0 11.637849 16.05771 1.6495848 2.2414691 36.101006 30.571049
-9999 -9999 -9999 -9999 -9999 -9999 -9999 -9999 -9999 -9999 -9999 -9999 -9999 -9999 -9999 -9999 -9999 1.0 2.0 92.2675 1.0 1.0 1.1777778 96.172005 1.0 1.0 134.85663 2.695987 3.7142005 2.0153916 5.873287 1.6147586 3.7269485 1.4984038 11.653597 29.940187 3.8794422 1.6418754 6.483323 5.537403 4.80473 5.0573277 2.1238506 225.36026 1.0 1.0 2.288889 3.6079013 5.8136625 22.062412 6.3915777 3.8461342 3.8977275 1.4060286 5.3549128 19.382385 6.5027614 7.78802 14.810108 19.806572 146.11491 192.20117 6.946251 1.7111111 4.1034265 9.534422 17.607573 2.099723 7.734459 45.16263
-9999 -9999 -9999 -9999 -9999 -9999 -9999 -9999 -9999 -9999 -9999 -9999 -9999 -9999 -9999 -9999 -9999 -9999 -9999 1.0 95.2675 1.0 1.0 1.2222222 99.394226 1.0 1.3333334 142.83191 2.3084185 2.119662 5.437595 3.368664 5.077451 2.2636244 8.2992525 11.908445 27.193605 3.1487923 2.1310697 4.7459197 3.461068 4.2086062 4.4604096 3.4780054 226.44914 1.9111111 2.5520988 3.595852 3.802129 7.7332525 23.062412 9.954068 10.685348 2.8189394 2.6898344 6.0642943 21.864769 9.3143835 10.016053 6.952573 20.83894 228.26653 119.033844 2.6730864 3.6444304 3.9421284 14.137922 13.520941 2.1198523 9.038772
-9999 -9999 -9999 -9999 -9999 -9999 -9999 -9999 -9999 -9999 -9999 -9999 -9999 -9999 -9999 -9999 -9999 -9999 -9999 -9999 1.0 98.2675 1.0 1.7777778 1.0 102.394226 1.0 1.3555555 149.1916 1.4239324 4.1417212 5.391931 7.3500576 2.4587803 10.104097 5.763378 33.525764 4.6322093 2.7557042 4.181364 4.2694116 1.9998641 1.7481967 1.194244 4.9026256 227.55809 52.92748 24.21267 5.549472 4.8456283 9.594698 21.499922 11.493627 16.027384 11.65811 9.449417 9.361678 20.503769 11.31169 9.012843 9.406171 32.76426 304.61856 54.17478 4.4014683 2.138837 6.9450517 17.470167 11.516288 1.6124018
-9999 -9999 -9999 -9999 -9999 -9999 -9999 -9999 -9999 -9999 -9999 -9999 -9999 -9999 -9999 -9999 -9999 -9999 -9999 -9999 -9999 1.0 101.17861 1.4839506 2.382716 1.6883402 107.699196 1.0 1.0 154.41187 3.3009565 3.8756967 10.049619 3.6197786 13.680898 4.8422523 10.685222 29.266878 2.124444 3.766328 6.9086947 3.2350688 2.377684 2.5539527 3.3019955 8.361897 179.29037 44.70918 23.060432 11.219062 10.469058 15.480258 22.328007 8.15159 14.282261 14.925682 18.610195 22.141848 27.425846 25.719881 17.00832 10.978807 28.458055 337.13998 45.46235 2.8061292 1.0 5.4757 22.854576 9.957112
-9999 -9999 -9999 -9999 -9999 -9999 -9999 -9999 -9999 -9999 -9999 -9999 -9999 -9999 -9999 -9999 -9999 -9999 -9999 -9999 -9999 -9999 1.0 104.66256 1.0 2.6943758 2.0777504 112.71028 1.0 1.0444444 162.42719 2.2057722 3.9032233 11.283537 8.475096 13.955387 10.260525 30.266878 1.5665184 4.5666337 7.056363 4.400746 4.9237223 1.8982363 2.021581 2.7221053 9.633929 169.83629 45.70918 34.163136 24.954527 18.228943 25.314993 23.328007 2.992611 7.090803 7.9244714 9.959627 16.595272 25.712385 27.28777 21.891666 10.986793 16.289637 349.36176 49.312923 1.9555556 1.0 4.650467 24.26795
-9999 -9999 -9999 -9999 -9999 -9999 -9999 -9999 -9999 -9999 -9999 -9999 -9999 -9999 -9999 -9999 -9999 -9999 -9999 -9999 -9999 -9999 -9999 1.0 107.66256 1.0 1.0 1.0666667 116.62139 1.0 1.0 169.73332 1.7806447 12.283537 1.0 13.196532 15.566173 37.752167 2.0095341 1.0 12.622997 3.8360362 6.5036874 3.3346014 1.5483793 2.0332525 3.3692849 11.381508 170.83629 30.457026 16.942797 14.309081 6.266139 29.378439 29.55084 10.542786 8.134298 9.550689 5.629651 10.528539 20.45901 25.25337 18.101557 8.080378 9.120474 362.76974 154.2922 1.4888889 1.0 5.237092
-9999 -9999 -9999 -9999 -9999 -9999 -9999 -9999 -9999 -9999 -9999 -9999 -9999 -9999 -9999 -9999 -9999 -9999 -9999 -9999 -9999 -9999 -9999 -9999 1.0 110.66256 1.0 1.0 1.1555556 119.77695 1.0 1.0222223 176.2897 9.73496 1.5555556 9.655621 5.985357 46.767906 10.559967 1.8888888 3.0746884 24.036575 2.181958 3.2971697 1.0 2.8372684 2.569906 4.464565 52.72623 141.99454 23.335152 19.733274 14.475679 4.2026935 26.089537 29.048058 14.0150795 9.075646 11.537981 4.7964506 8.622225 19.549635 28.234444 18.297043 6.0277905 1.0 259.7918 180.0737 1.8 3.5603561
-9999 -9999 -9999 -9999 -9999 -9999 -9999 -9999 -9999 -9999 -9999 -9999 -9999 -9999 -9999 -9999 -9999 -9999 -9999 -9999 -9999 -9999 -9999 -9999 -9999 1.0 113.66256 1.0 1.0 1.1111112 122.888054 1.0 179.08476 5.1103163 8.111063 1.0691358 13.714803 44.45836 12.633038 38.162804 30.042936 1.0 1.0 2.9783018 2.318868 2.0202935 3.260245 1.3733358 4.121095 105.86162 92.50759 54.65246 50.657234 26.732843 12.585646 23.788586 27.29338 16.7364 13.49884 15.542771 8.948145 10.421562 24.138466 41.787556 16.259907 2.339509 2.1655705 263.73026 164.68456 4.600356
-9999 -9999 -9999 -9999 -9999 -9999 -9999 -9999 -9999 -9999 -9999 -9999 -9999 -9999 -9999 -9999 -9999 -9999 -9999 -9999 -9999 -9999 -9999 -9999 -9999 -9999 -9999 115.66256 1.0 1.8888888 1.0 124.888054 1.0 186.19508 2.8024585 7.451156 9.241146 63.34562 50.438854 1.0 1.0 1.0 3.0589519 2.9193501 1.0 3.4985745 4.47338 5.70588 6.9147873 10.3874445 108.246605 62.67173 25.289982 53.32606 46.6715 27.103466 30.122627 33.54497 21.101322 14.388435 13.177698 11.983324 15.681645 27.280394 51.820835 8.226625 2.3517163 2.4508805 264.9801 170.98024
-9999 -9999 -9999 -9999 -9999 -9999 -9999 -9999 -9999 -9999 -9999 -9999 -9999 -9999 -9999 -9999 -9999 -9999 -9999 -9999 -9999 -9999 -9999 -9999 -9999 -9999 -9999 -9999 117.01812 119.66997 121.55145 1.0 126.888054 1.0 188.88013 199.44868 1.0 1.4222223 114.95879 1.0 1.0 1.6888889 4.694435 3.5949779 1.0 1.5111111 4.041215 5.2299166 5.07829 5.739737 15.35954 117.54801 58.10091 15.946254 37.346992 46.015987 32.362484 31.919022 36.984764 20.699675 17.250925 15.562089 13.771391 19.198982 36.684917 54.95991 5.935975 2.0452073 1.0 264.69122
-9999 -9999 -9999 -9999 -9999 -9999 -9999 -9999 -9999 -9999 -9999 -9999 -9999 -9999 -9999 -9999 -9999 -9999 -9999 -9999 -9999 -9999 -9999 -9999 -9999 -9999 -9999 -9999 -9999 -9999 1.0 123.173676 1.0 128.88806 1.0 1.0 200.6487 19.413218 117.473366 2.2666667 3.1540742 1.1125926 5.277152 5.012261 1.0666667 1.9333333 1.851358 4.2701216 3.1324482 3.2180216 3.2419505 15.502082 120.95945 83.39852 40.02919 46.53617 56.473495 49.465088 45.363056 36.713364 24.79828 21.341755 13.775542 14.162004 19.55497 45.342236 55.79628 13.735272 2.1816752 1.7817801
-9999 -9999 -9999 -9999 -9999 -9999 -9999 -9999 -9999 -9999 -9999 -9999 -9999 -9999 -9999 -9999 -9999 -9999 -9999 -9999 -9999 -9999 -9999 -9999 -9999 -9999 -9999 -9999 -9999 -9999 -9999 124.55145 1.0 1.0 132.88806 1.0 1.8 184.67606 69.15027 71.91116 4.495671 1.0 3.697211 7.1442156 3.1828012 1.3318518 2.4177778 2.27538 4.7700453 2.5709822 3.444246 4.4353714 16.850433 100.69638 82.366875 67.32134 68.17002 79.855576 77.0693 82.025246 40.49154 32.019653 26.138342 17.51501 22.175856 24.70345 46.52289 58.86743 36.97408 17.389526
-9999 -9999 -9999 -9999 -9999 -9999 -9999 -9999 -9999 -9999 -9999 -9999 -9999 -9999 -9999 -9999 -9999 -9999 -9999 -9999 -9999 -9999 -9999 -9999 -9999 -9999 -9999 -9999 -9999 -9999 -9999 -9999 126.55145 1.0 1.0 136.75473 1.0 15.111737 194.87775 121.347244 5.0742183 3.8405488 2.4788845 2.1113224 8.942574 2.8946514 2.3550618 2.773037 4.338762 5.452042 3.4547083 3.836353 3.954369 14.781994 73.6535 65.0449 59.62709 53.62988 56.19494 57.873844 84.949394 24.483252 31.42819 28.092577 17.377813 25.397926 34.795555 53.94361 66.39855 42.36625
-9999 -9999 -9999 -9999 -9999 -9999 -9999 -9999 -9999 -9999 -9999 -9999 -9999 -9999 -9999 -9999 -9999 -9999 -9999 -9999 -9999 -9999 -9999 -9999 -9999 -9999 -9999 -9999 -9999 -9999 -9999 -9999 -9999 -9999 1.0 1.1333333 140.88806 2.679082 79.39191 211.81667 47.29141 4.8436475 2.707676 3.064404 5.0213957 6.032422 5.609706 1.5756818 2.355707 6.647488 8.880395 3.9827642 5.3276863 5.9577885 15.277408 46.61084 46.89123 37.638184 44.657875 47.65125 57.66107 114.8142 43.755646 37.359173 47.324528 34.135666 33.315647 38.132095 49.900322 71.50356
-9999 -9999 -9999 -9999 -9999 -9999 -9999 -9999 -9999 -9999 -9999 -9999 -9999 -9999 -9999 -9999 -9999 -9999 -9999 -9999 -9999 -9999 -9999 -9999 -9999 -9999 -9999 -9999 -9999 -9999 -9999 -9999 -9999 -9999 -9999 1.0 1.0 145.56714 22.171175 195.7248 123.604 3.6909153 4.837508 4.951108 5.711245 5.0657997 6.0308313 4.937252 1.6302727 2.0469809 4.93221 10.537755 6.256887 6.3909855 9.006232 18.02525 36.079506 45.248367 48.72089 57.207054 37.003166 27.9085 109.455124 75.90011 53.181694 64.70864 54.317192 39.014526 19.740406 38.5804
-9999 -9999 -9999 -9999 -9999 -9999 -9999 -9999 -9999 -9999 -9999 -9999 -9999 -9999 -9999 -9999 -9999 -9999 -9999 -9999 -9999 -9999 -9999 -9999 -9999 -9999 -9999 -9999 -9999 -9999 -9999 -9999 -9999 -9999 -9999 -9999 -9999 1.0 326.31815 40.14496 127.47471 1.8202034 1.537501 11.774115 5.1882463 2.6885998 4.3771996 7.6891317 6.2933435 1.6158808 2.7955554 5.2821155 8.728275 5.19349 4.98587 7.8620386 18.164454 33.50758 26.322676 36.666965 70.5265 27.313362 7.201889 67.249825 73.204384 64.13773 63.953503 53.486958 42.811172 16.43303
-9999 -9999 -9999 -9999 -9999 -9999 -9999 -9999 -9999 -9999 -9999 -9999 -9999 -9999 -9999 -9999 -9999 -9999 -9999 -9999 -9999 -9999 -9999 -9999 -9999 -9999 -9999 -9999 -9999 -9999 -9999 -9999 -9999 -9999 -9999 -9999 -9999 -9999 1.0 495.93784 1.0 1.4853876 3.1206496 15.60108 4.112948 3.2106266 3.3261242 3.5290487 12.34883 4.496302 2.4847326 2.9120128 6.435623 9.749734 5.936469 4.9097977 8.008462 19.433886 32.750202 20.888243 51.82465 77.80433 9.49749 7.4036794 29.202436 34.797916 51.930984 69.29131 47.355366 37.151657
-9999 -9999 -9999 -9999 -9999 -9999 -9999 -9999 -9999 -9999 -9999 -9999 -9999 -9999 -9999 -9999 -9999 -9999 -9999 -9999 -9999 -9999 -9999 -9999 -9999 -9999 -9999 -9999 -9999 -9999 -9999 -9999 -9999 -9999 -9999 -9999 -9999 -9999 -9999 -9999 499.3902 1.0330086 2.525651 15.075863 8.447206 3.996585 3.7348132 1.591311 4.215229 12.799993 5.1965485 3.3743002 4.12362 7.0537386 9.366876 11.181688 11.3215 14.813022 28.82939 51.688488 60.026062 82.13168 47.682594 5.854273 7.948443 20.341492 25.125454 39.30505 93.021935 51.362274
