example_catchment/sve_2_koivu.asc
ncols         139
nrows         162
xllcorner     572256
yllcorner     7071344
cellsize      16
NODATA_value  -9999
[rows 39 to 77 of 162, columns 0 to 87 of 139]
-9999 -9999 -9999 -9999 -9999 -9999 -9999 -9999 -9999 0 0 0 0 0 0 0 0 0 1 16 29 26 30 74 31 73 54 20 18 15 27 27 16 6 6 5 6 5 3 11 10 21 10 10 4 8 5 13 -9999 -9999 -9999 -9999 -9999 -9999 -9999 -9999 -9999 -9999 -9999 -9999 -9999 -9999 -9999 -9999 -9999 -9999 -9999 -9999 -9999 -9999 -9999 -9999 -9999 -9999 -9999 -9999 -9999 -9999 -9999 -9999 -9999 -9999 -9999 -9999 -9999 -9999 -9999 -9999
-9999 -9999 -9999 -9999 -9999 -9999 -9999 -9999 -9999 0 0 0 0 0 0 0 0 0 0 0 14 7 20 10 93 21 18 18 31 26 22 36 20 13 24 6 12 8 7 6 7 8 22 22 2 11 32 4 6 -9999 -9999 -9999 -9999 -9999 -9999 -9999 -9999 -9999 -9999 -9999 -9999 -9999 -9999 -9999 -9999 -9999 -9999 -9999 -9999 -9999 -9999 -9999 -9999 -9999 -9999 -9999 -9999 -9999 -9999 -9999 -9999 -9999 -9999 -9999 -9999 -9999 -9999 -9999
-9999 -9999 -9999 -9999 -9999 -9999 -9999 -9999 0 0 0 0 0 0 0 0 0 0 0 0 0 13 18 34 54 21 13 49 44 21 60 52 66 18 26 26 10 7 7 6 8 11 10 7 8 28 30 9 4 23 -9999 -9999 -9999 -9999 -9999 -9999 -9999 -9999 -9999 -9999 -9999 -9999 -9999 -9999 -9999 -9999 -9999 -9999 -9999 -9999 -9999 -9999 -9999 -9999 -9999 -9999 -9999 -9999 -9999 -9999 -9999 -9999 -9999 -9999 -9999 -9999 -9999 -9999
-9999 -9999 -9999 -9999 -9999 -9999 -9999 3 0 0 0 0 0 0 0 0 0 0 0 0 0 1 0 28 17 24 35 21 78 40 34 60 49 47 53 52 16 8 7 7 6 11 11 2 4 4 4 4 9 18 16 6 -9999 -9999 -9999 -9999 -9999 -9999 -9999 -9999 -9999 -9999 -9999 -9999 -9999 -9999 -9999 -9999 -9999 -9999 -9999 -9999 -9999 -9999 -9999 -9999 -9999 -9999 -9999 -9999 -9999 -9999 -9999 -9999 -9999 -9999 -9999 -9999
-9999 -9999 -9999 -9999 -9999 -9999 0 0 3 0 0 0 0 0 0 0 0 0 0 0 0 0 0 0 3 7 6 27 45 58 41 27 73 49 34 47 56 26 20 7 7 9 11 10 7 3 4 8 14 18 16 26 25 -9999 -9999 -9999 -9999 -9999 -9999 -9999 -9999 -9999 -9999 -9999 -9999 -9999 -9999 -9999 -9999 -9999 -9999 -9999 -9999 -9999 -9999 -9999 -9999 -9999 -9999 -9999 -9999 -9999 -9999 -9999 -9999 -9999 -9999 -9999
-9999 -9999 -9999 -9999 -9999 6 2 0 3 0 0 0 0 0 0 0 0 0 0 0 0 0 0 0 26 12 25 17 42 17 4 43 57 32 34 55 57 40 27 11 8 8 8 11 10 6 4 11 13 9 20 21 25 26 -9999 -9999 -9999 -9999 -9999 -9999 -9999 -9999 -9999 -9999 -9999 -9999 -9999 -9999 -9999 -9999 -9999 -9999 -9999 -9999 -9999 -9999 -9999 -9999 -9999 -9999 -9999 -9999 -9999 -9999 -9999 -9999 -9999 -9999
-9999 -9999 -9999 -9999 20 28 1 0 0 0 0 0 0 0 0 0 0 0 0 0 0 0 0 0 0 0 10 35 12 16 48 30 32 19 27 34 40 30 40 20 20 8 7 7 19 8 6 7 5 12 27 23 27 24 18 19 -9999 -9999 -9999 -9999 -9999 -9999 -9999 -9999 -9999 -9999 -9999 -9999 -9999 -9999 -9999 -9999 -9999 -9999 -9999 -9999 -9999 -9999 -9999 -9999 -9999 -9999 -9999 -9999 -9999 -9999 -9999 -9999
-9999 -9999 -9999 13 21 33 8 31 0 0 0 1 0 0 0 0 0 0 0 0 0 0 0 0 0 0 17 44 10 7 35 28 22 5 14 10 18 22 36 15 17 11 9 31 32 15 5 7 4 22 18 14 21 24 19 14 2 -9999 -9999 -9999 -9999 -9999 -9999 -9999 -9999 -9999 -9999 -9999 -9999 -9999 -9999 -9999 -9999 -9999 -9999 -9999 -9999 -9999 -9999 -9999 -9999 -9999 -9999 -9999 -9999 -9999 -9999 -9999
-9999 -9999 -9999 40 16 28 9 32 5 47 16 0 0 5 0 0 0 0 0 0 0 0 0 0 9 22 21 38 7 30 18 21 28 10 38 28 21 27 20 41 22 13 26 6 9 9 15 5 18 7 10 15 13 12 23 11 1 34 -9999 -9999 -9999 -9999 -9999 -9999 -9999 -9999 -9999 -9999 -9999 -9999 -9999 -9999 -9999 -9999 -9999 -9999 -9999 -9999 -9999 -9999 -9999 -9999 -9999 -9999 -9999 -9999 -9999 -9999
-9999 -9999 -9999 12 34 30 19 20 23 5 11 15 11 20 15 45 0 0 0 0 0 0 0 5 21 8 5 34 20 28 36 35 50 51 50 49 22 26 30 23 22 29 33 18 6 11 5 4 3 8 18 51 14 18 13 12 1 31 25 -9999 -9999 -9999 -9999 -9999 -9999 -9999 -9999 -9999 -9999 -9999 -9999 -9999 -9999 -9999 -9999 -9999 -9999 -9999 -9999 -9999 -9999 -9999 -9999 -9999 -9999 -9999 -9999 -9999
-9999 60 35 -9999 4 29 15 9 11 16 8 33 16 14 37 8 12 41 46 29 6 38 10 0 15 3 37 27 38 41 44 21 34 52 43 48 43 23 29 23 29 16 17 25 19 6 5 9 5 7 12 58 10 11 19 14 18 6 17 17 -9999 -9999 -9999 -9999 -9999 -9999 -9999 -9999 -9999 -9999 -9999 -9999 -9999 -9999 -9999 -9999 -9999 -9999 -9999 -9999 -9999 -9999 -9999 -9999 -9999 -9999 -9999 -9999
-9999 51 31 20 46 -9999 10 29 40 38 49 30 23 30 25 28 10 81 44 59 5 25 5 12 21 38 41 7 20 4 36 36 54 43 65 67 58 26 32 32 23 21 19 3 8 9 6 6 5 6 22 14 9 28 52 7 34 16 25 18 31 -9999 -9999 -9999 -9999 -9999 -9999 -9999 -9999 -9999 -9999 -9999 -9999 -9999 -9999 -9999 -9999 -9999 -9999 -9999 -9999 -9999 -9999 -9999 -9999 -9999 -9999 -9999
30 30 81 52 18 16 10 -9999 18 45 44 58 35 32 36 11 22 15 26 46 71 30 32 35 33 10 45 -9999 15 5 14 67 30 25 26 55 47 50 29 30 10 27 10 5 16 15 20 7 20 5 11 16 30 20 37 41 12 14 20 17 18 28 -9999 -9999 -9999 -9999 -9999 -9999 -9999 -9999 -9999 -9999 -9999 -9999 -9999 -9999 -9999 -9999 -9999 -9999 -9999 -9999 -9999 -9999 -9999 -9999 -9999 -9999
32 26 107 46 12 9 13 4 30 -9999 -9999 12 15 43 23 8 17 14 22 17 39 39 25 10 36 -9999 17 21 23 -9999 14 32 28 20 45 22 30 46 54 38 8 7 19 31 25 18 9 8 7 13 12 16 21 4 24 34 28 15 11 4 19 16 23 -9999 -9999 -9999 -9999 -9999 -9999 -9999 -9999 -9999 -9999 -9999 -9999 -9999 -9999 -9999 -9999 -9999 -9999 -9999 -9999 -9999 -9999 -9999 -9999 -9999
34 51 62 49 30 10 41 27 3 3 26 16 -9999 -9999 -9999 9 25 17 19 6 30 20 29 30 -9999 4 4 3 7 28 27 -9999 15 55 45 36 28 16 40 25 4 6 9 6 6 12 10 17 15 12 13 23 25 5 13 5 41 11 17 20 9 10 24 16 -9999 -9999 -9999 -9999 -9999 -9999 -9999 -9999 -9999 -9999 -9999 -9999 -9999 -9999 -9999 -9999 -9999 -9999 -9999 -9999 -9999 -9999 -9999 -9999
-9999 37 84 19 45 7 36 35 21 24 19 17 8 20 19 22 22 -9999 -9999 -9999 21 28 27 -9999 9 14 21 21 22 27 15 36 20 -9999 -9999 16 46 30 5 7 5 27 17 8 6 3 13 19 12 12 24 21 22 32 4 4 14 9 17 15 34 24 23 15 13 -9999 -9999 -9999 -9999 -9999 -9999 -9999 -9999 -9999 -9999 -9999 -9999 -9999 -9999 -9999 -9999 -9999 -9999 -9999 -9999 -9999 -9999 -9999
-9999 45 34 39 35 26 6 11 5 6 18 20 27 28 58 31 20 7 11 13 26 25 11 5 9 12 32 31 33 26 11 10 23 15 19 -9999 -9999 43 3 18 35 35 25 17 9 2 4 11 13 11 24 25 19 17 30 12 23 20 19 11 28 16 10 15 6 26 -9999 -9999 -9999 -9999 -9999 -9999 -9999 -9999 -9999 -9999 -9999 -9999 -9999 -9999 -9999 -9999 -9999 -9999 -9999 -9999 -9999 -9999
-9999 54 61 24 15 30 26 26 5 5 7 37 16 38 54 68 36 12 49 6 28 7 10 8 14 26 14 13 41 83 52 18 19 7 32 31 69 21 -9999 -9999 18 39 20 27 21 3 6 6 21 15 15 6 12 46 24 21 8 13 13 13 10 24 15 20 13 27 26 -9999 -9999 -9999 -9999 -9999 -9999 -9999 -9999 -9999 -9999 -9999 -9999 -9999 -9999 -9999 -9999 -9999 -9999 -9999 -9999 -9999
-9999 -9999 56 66 56 40 50 27 16 20 30 29 45 50 32 34 32 3 30 12 5 33 7 12 13 13 24 13 9 17 25 44 18 7 9 5 7 9 2 7 17 24 34 28 10 7 8 10 9 11 36 17 16 18 19 8 22 4 4 21 11 9 16 25 42 19 18 24 -9999 -9999 -9999 -9999 -9999 -9999 -9999 -9999 -9999 -9999 -9999 -9999 -9999 -9999 -9999 -9999 -9999 -9999 -9999 -9999
-9999 -9999 -9999 18 19 32 34 15 16 31 51 50 52 63 18 16 26 1 35 9 14 5 9 10 8 8 13 21 22 35 38 79 9 17 14 21 8 17 5 19 12 5 45 9 8 14 4 16 15 8 7 8 8 24 2 20 6 7 12 19 12 8 28 49 42 38 16 2 7 -9999 -9999 -9999 -9999 -9999 -9999 -9999 -9999 -9999 -9999 -9999 -9999 -9999 -9999 -9999 -9999 -9999 -9999 -9999
-9999 -9999 -9999 6 7 17 33 16 24 16 33 34 37 39 13 15 66 29 30 8 34 12 10 12 12 11 7 13 17 24 65 25 21 20 20 20 17 6 0 7 29 15 21 2 18 23 16 20 18 28 26 17 14 6 25 15 16 17 14 18 26 21 30 34 91 35 11 7 9 7 -9999 -9999 -9999 -9999 -9999 -9999 -9999 -9999 -9999 -9999 -9999 -9999 -9999 -9999 -9999 -9999 -9999 -9999
-9999 -9999 -9999 -9999 27 14 22 25 60 56 31 25 21 16 38 53 16 44 5 27 27 4 10 11 9 9 11 7 23 28 25 25 73 29 9 22 12 0 0 0 7 2 38 34 20 28 25 17 19 20 11 10 11 9 19 20 15 12 15 6 28 31 33 19 65 26 49 47 22 19 19 -9999 -9999 -9999 -9999 -9999 -9999 -9999 -9999 -9999 -9999 -9999 -9999 -9999 -9999 -9999 -9999 -9999
-9999 -9999 -9999 -9999 -9999 19 20 32 42 54 70 80 65 25 17 40 23 31 42 35 2 23 10 8 8 9 10 33 8 11 24 13 21 33 21 12 12 0 5 5 4 15 5 27 22 6 18 55 14 6 11 11 10 10 5 16 18 15 14 7 32 38 13 36 51 34 42 36 40 19 19 27 -9999 -9999 -9999 -9999 -9999 -9999 -9999 -9999 -9999 -9999 -9999 -9999 -9999 -9999 -9999 -9999
-9999 -9999 -9999 -9999 -9999 -9999 33 23 55 55 57 72 77 27 15 18 48 24 28 22 24 8 20 8 11 11 8 16 15 10 8 16 27 44 67 8 5 0 0 0 0 19 16 14 1 5 44 33 7 17 7 9 16 17 24 13 10 16 16 9 20 32 10 32 36 67 75 71 32 13 13 32 26 -9999 -9999 -9999 -9999 -9999 -9999 -9999 -9999 -9999 -9999 -9999 -9999 -9999 -9999 -9999
-9999 -9999 -9999 -9999 -9999 -9999 -9999 25 20 48 49 61 54 15 10 8 45 72 20 16 24 11 13 16 14 17 8 8 7 12 8 13 26 18 61 7 6 0 4 0 0 19 20 13 6 4 0 14 17 21 12 8 20 21 24 24 20 7 12 26 30 24 14 16 34 78 56 52 46 24 7 21 7 21 -9999 -9999 -9999 -9999 -9999 -9999 -9999 -9999 -9999 -9999 -9999 -9999 -9999 -9999
-9999 -9999 -9999 -9999 -9999 -9999 -9999 -9999 58 19 54 60 28 16 14 18 32 33 15 10 16 2 38 44 20 17 10 11 8 8 9 16 42 13 35 13 6 0 0 10 9 7 9 15 18 11 0 5 12 14 8 6 15 7 23 22 14 15 15 13 12 33 49 40 39 45 59 42 59 40 28 28 8 20 29 -9999 -9999 -9999 -9999 -9999 -9999 -9999 -9999 -9999 -9999 -9999 -9999 -9999
-9999 -9999 -9999 -9999 -9999 -9999 -9999 -9999 -9999 24 57 58 49 26 26 12 19 20 8 15 28 19 34 48 26 7 9 11 7 7 10 14 8 57 44 73 3 0 0 4 6 0 16 3 17 11 1 5 13 13 9 7 4 15 20 22 19 15 9 9 15 12 21 42 61 46 29 17 52 59 33 34 21 25 28 11 -9999 -9999 -9999 -9999 -9999 -9999 -9999 -9999 -9999 -9999 -9999 -9999
-9999 -9999 -9999 -9999 -9999 -9999 -9999 -9999 -9999 24 25 53 48 13 33 15 15 27 31 15 7 22 18 34 33 26 18 5 16 45 7 10 21 48 42 12 6 6 4 4 8 0 0 15 17 3 1 18 50 6 8 8 11 17 10 13 13 11 7 9 8 21 26 12 9 44 32 18 54 48 54 34 11 29 23 19 -9999 -9999 -9999 -9999 -9999 -9999 -9999 -9999 -9999 -9999 -9999 -9999
-9999 -9999 -9999 -9999 -9999 -9999 -9999 -9999 -9999 -9999 23 51 28 25 36 13 17 10 26 36 7 6 8 18 2 11 3 30 5 41 32 31 13 29 50 26 82 0 7 8 13 0 0 0 0 1 0 21 12 8 8 14 15 16 12 10 9 11 9 8 12 14 22 31 12 43 29 33 28 40 45 66 21 20 26 17 24 -9999 -9999 -9999 -9999 -9999 -9999 -9999 -9999 -9999 -9999 -9999
-9999 -9999 -9999 -9999 -9999 -9999 -9999 -9999 -9999 -9999 -9999 32 59 28 13 32 32 7 18 7 49 4 5 4 14 2 2 26 28 4 46 32 23 21 44 23 2 8 20 12 0 3 0 0 0 0 0 18 11 16 15 15 16 21 16 17 12 11 8 8 10 10 13 15 14 10 48 15 28 69 93 40 64 28 17 8 11 25 -9999 -9999 -9999 -9999 -9999 -9999 -9999 -9999 -9999 -9999
-9999 -9999 -9999 -9999 -9999 -9999 -9999 -9999 -9999 -9999 -9999 -9999 25 4 47 61 18 28 15 20 33 19 4 5 5 41 20 28 20 4 52 45 6 27 24 37 27 28 1 13 2 2 2 2 0 0 13 15 8 17 8 8 8 13 8 7 4 11 11 12 11 10 11 13 11 27 25 19 33 75 99 46 58 24 25 8 9 25 -9999 -9999 -9999 -9999 -9999 -9999 -9999 -9999 -9999 -9999
-9999 -9999 -9999 -9999 -9999 -9999 -9999 -9999 -9999 -9999 -9999 -9999 -9999 5 9 32 56 11 15 9 27 30 47 32 37 4 12 6 15 8 26 31 27 40 35 23 21 24 19 22 5 3 0 0 0 0 20 23 10 9 9 45 46 8 8 9 19 4 7 10 7 13 13 13 8 13 22 52 24 85 46 73 35 46 22 14 11 9 12 -9999 -9999 -9999 -9999 -9999 -9999 -9999 -9999 -9999
-9999 -9999 -9999 -9999 -9999 -9999 -9999 -9999 -9999 -9999 -9999 -9999 -9999 -9999 11 10 30 39 30 28 42 29 20 42 19 10 14 20 26 8 60 41 29 35 27 29 11 6 30 30 31 10 0 0 0 0 13 29 9 37 9 35 11 40 51 52 39 9 46 6 23 14 14 13 8 13 13 14 38 58 53 35 35 46 32 20 23 12 22 -9999 -9999 -9999 -9999 -9999 -9999 -9999 -9999 -9999
-9999 -9999 -9999 -9999 -9999 -9999 -9999 -9999 -9999 -9999 -9999 -9999 -9999 -9999 20 19 10 29 18 29 37 33 27 26 17 10 20 27 15 25 17 28 64 76 87 39 13 23 30 19 34 21 5 0 0 0 10 32 10 9 9 9 9 9 10 11 9 8 7 3 28 40 11 13 15 9 23 29 40 16 56 36 47 38 68 25 7 24 21 17 -9999 -9999 -9999 -9999 -9999 -9999 -9999 -9999
-9999 -9999 -9999 -9999 -9999 -9999 -9999 -9999 -9999 -9999 -9999 -9999 -9999 -9999 -9999 22 29 44 28 23 24 27 46 21 14 51 17 44 19 45 5 18 73 33 55 50 19 31 14 14 20 50 21 4 0 0 4 18 40 7 7 9 6 5 5 6 6 6 4 5 6 3 46 10 11 29 22 12 35 24 42 52 49 46 46 56 30 5 13 24 -9999 -9999 -9999 -9999 -9999 -9999 -9999 -9999
-9999 -9999 -9999 -9999 -9999 -9999 -9999 -9999 -9999 -9999 -9999 -9999 -9999 -9999 -9999 -9999 37 19 8 8 12 40 36 17 16 15 44 30 40 15 33 17 9 42 27 25 27 42 16 12 35 36 19 12 0 0 3 12 53 5 4 8 7 5 5 4 5 5 6 4 6 6 4 37 19 12 13 16 22 22 36 24 37 62 37 80 15 3 18 20 13 -9999 -9999 -9999 -9999 -9999 -9999 -9999
-9999 -9999 -9999 -9999 -9999 -9999 -9999 -9999 -9999 -9999 -9999 -9999 -9999 -9999 -9999 -9999 -9999 6 0 0 0 26 45 28 18 25 55 35 18 20 31 20 33 19 46 0 3 6 13 32 35 33 5 16 3 0 0 17 32 6 5 7 12 11 10 4 4 6 9 8 5 6 6 5 5 24 33 23 10 23 7 28 45 29 15 22 39 9 3 7 13 9 -9999 -9999 -9999 -9999 -9999 -9999
-9999 -9999 -9999 -9999 -9999 -9999 -9999 -9999 -9999 -9999 -9999 -9999 -9999 -9999 -9999 -9999 -9999 -9999 -9999 0 4 5 6 22 34 18 40 16 24 23 16 26 44 15 28 10 21 22 24 35 34 35 10 15 4 0 0 12 24 5 6 6 10 24 24 10 4 6 8 10 8 6 5 9 9 7 2 4 20 19 28 36 49 41 47 37 33 43 8 7 22 23 16 -9999 -9999 -9999 -9999 -9999
-9999 -9999 -9999 -9999 -9999 -9999 -9999 -9999 -9999 -9999 -9999 -9999 -9999 -9999 -9999 -9999 -9999 -9999 -9999 -9999 0 5 4 6 13 31 48 23 35 38 16 78 77 33 11 21 12 24 29 26 13 12 23 13 27 4 3 14 16 6 6 6 10 9 11 10 3 8 9 10 9 9 16 13 8 6 3 8 30 6 6 2 2 22 29 46 31 28 38 19 7 12 24 -9999 -9999 -9999 -9999 -9999
