example_catchment/sve_example_catchment_manty.asc
ncols         139
nrows         162
xllcorner     572256
yllcorner     7071344
cellsize      16
NODATA_value  -9999
[rows 38 to 75 of 162, columns 0 to 86 of 139]
-9999 -9999 -9999 -9999 -9999 -9999 -9999 -9999 -9999 -9999 0 0 0 0 0 0 0 0 32 65 91 112 81 82 45 38 62 70 43 24 59 76 108 159 94 92 133 156 130 90 75 131 118 121 111 92 78 -9999 -9999 -9999 -9999 -9999 -9999 -9999 -9999 -9999 -9999 -9999 -9999 -9999 -9999 -9999 -9999 -9999 -9999 -9999 -9999 -9999 -9999 -9999 -9999 -9999 -9999 -9999 -9999 -9999 -9999 -9999 -9999 -9999 -9999 -9999 -9999 -9999 -9999 -9999 -9999
-9999 -9999 -9999 -9999 -9999 -9999 -9999 -9999 -9999 0 0 0 0 0 0 0 0 0 24 28 64 78 52 58 34 46 48 46 34 52 56 53 69 87 111 119 130 112 122 57 45 41 113 91 145 50 43 112 -9999 -9999 -9999 -9999 -9999 -9999 -9999 -9999 -9999 -9999 -9999 -9999 -9999 -9999 -9999 -9999 -9999 -9999 -9999 -9999 -9999 -9999 -9999 -9999 -9999 -9999 -9999 -9999 -9999 -9999 -9999 -9999 -9999 -9999 -9999 -9999 -9999 -9999 -9999
-9999 -9999 -9999 -9999 -9999 -9999 -9999 -9999 -9999 0 0 0 0 0 0 0 0 0 4 8 47 35 72 59 44 23 42 76 77 33 30 25 57 37 79 102 44 38 18 15 16 35 59 58 133 42 51 41 107 -9999 -9999 -9999 -9999 -9999 -9999 -9999 -9999 -9999 -9999 -9999 -9999 -9999 -9999 -9999 -9999 -9999 -9999 -9999 -9999 -9999 -9999 -9999 -9999 -9999 -9999 -9999 -9999 -9999 -9999 -9999 -9999 -9999 -9999 -9999 -9999 -9999 -9999
-9999 -9999 -9999 -9999 -9999 -9999 -9999 -9999 0 0 0 0 0 0 0 0 0 0 0 5 8 53 32 41 55 27 53 47 58 41 15 3 10 50 65 102 52 25 23 20 26 47 43 146 104 141 107 78 99 104 -9999 -9999 -9999 -9999 -9999 -9999 -9999 -9999 -9999 -9999 -9999 -9999 -9999 -9999 -9999 -9999 -9999 -9999 -9999 -9999 -9999 -9999 -9999 -9999 -9999 -9999 -9999 -9999 -9999 -9999 -9999 -9999 -9999 -9999 -9999 -9999 -9999
-9999 -9999 -9999 -9999 -9999 -9999 -9999 7 0 0 0 0 0 0 0 0 0 0 0 0 0 25 13 26 84 59 74 43 78 54 36 28 4 4 4 57 93 28 22 21 15 48 57 167 100 123 117 113 65 161 98 85 -9999 -9999 -9999 -9999 -9999 -9999 -9999 -9999 -9999 -9999 -9999 -9999 -9999 -9999 -9999 -9999 -9999 -9999 -9999 -9999 -9999 -9999 -9999 -9999 -9999 -9999 -9999 -9999 -9999 -9999 -9999 -9999 -9999 -9999 -9999
-9999 -9999 -9999 -9999 -9999 -9999 19 1 6 0 0 0 0 0 0 0 0 0 0 0 0 0 17 49 51 77 78 57 57 55 43 43 12 4 2 16 55 102 53 24 32 41 57 52 148 166 127 113 137 99 101 118 98 -9999 -9999 -9999 -9999 -9999 -9999 -9999 -9999 -9999 -9999 -9999 -9999 -9999 -9999 -9999 -9999 -9999 -9999 -9999 -9999 -9999 -9999 -9999 -9999 -9999 -9999 -9999 -9999 -9999 -9999 -9999 -9999 -9999 -9999
-9999 -9999 -9999 -9999 -9999 46 32 18 7 0 0 0 0 0 0 0 0 0 0 0 0 0 0 17 26 30 67 83 44 63 81 87 56 50 61 56 55 94 74 55 41 27 34 47 59 134 131 119 80 70 89 112 87 100 -9999 -9999 -9999 -9999 -9999 -9999 -9999 -9999 -9999 -9999 -9999 -9999 -9999 -9999 -9999 -9999 -9999 -9999 -9999 -9999 -9999 -9999 -9999 -9999 -9999 -9999 -9999 -9999 -9999 -9999 -9999 -9999 -9999
-9999 -9999 -9999 -9999 102 82 69 20 12 8 0 0 0 0 0 0 0 0 0 0 0 0 0 0 14 8 26 68 99 105 53 74 71 89 77 60 76 75 70 81 78 42 24 22 54 47 142 115 117 85 74 109 107 104 100 102 -9999 -9999 -9999 -9999 -9999 -9999 -9999 -9999 -9999 -9999 -9999 -9999 -9999 -9999 -9999 -9999 -9999 -9999 -9999 -9999 -9999 -9999 -9999 -9999 -9999 -9999 -9999 -9999 -9999 -9999 -9999
-9999 -9999 -9999 69 76 93 82 29 19 8 12 38 0 0 0 0 0 0 0 0 0 0 0 0 0 38 49 47 109 93 19 86 81 68 84 116 78 59 34 45 69 134 64 105 113 52 44 126 69 143 103 90 133 106 98 107 125 -9999 -9999 -9999 -9999 -9999 -9999 -9999 -9999 -9999 -9999 -9999 -9999 -9999 -9999 -9999 -9999 -9999 -9999 -9999 -9999 -9999 -9999 -9999 -9999 -9999 -9999 -9999 -9999 -9999 -9999
-9999 -9999 -9999 37 125 53 80 54 43 44 68 88 64 43 0 0 0 0 0 0 0 0 0 0 43 47 101 67 68 57 103 63 73 49 56 109 89 88 76 54 53 124 102 166 112 132 52 56 78 154 82 124 109 65 103 96 123 82 -9999 -9999 -9999 -9999 -9999 -9999 -9999 -9999 -9999 -9999 -9999 -9999 -9999 -9999 -9999 -9999 -9999 -9999 -9999 -9999 -9999 -9999 -9999 -9999 -9999 -9999 -9999 -9999 -9999
-9999 -9999 -9999 24 65 68 60 63 56 90 63 48 43 21 75 31 0 0 0 0 0 0 18 47 42 95 69 58 70 81 45 81 22 19 1 21 60 48 23 41 40 47 76 123 140 80 133 94 128 143 58 82 103 102 54 101 77 88 104 -9999 -9999 -9999 -9999 -9999 -9999 -9999 -9999 -9999 -9999 -9999 -9999 -9999 -9999 -9999 -9999 -9999 -9999 -9999 -9999 -9999 -9999 -9999 -9999 -9999 -9999 -9999 -9999
-9999 40 14 -9999 71 55 146 124 115 68 75 79 99 92 28 79 69 58 56 36 48 53 111 102 96 61 57 96 16 37 22 31 64 32 9 21 34 42 66 27 25 38 45 102 117 132 137 118 135 112 103 59 94 98 142 83 94 111 102 126 -9999 -9999 -9999 -9999 -9999 -9999 -9999 -9999 -9999 -9999 -9999 -9999 -9999 -9999 -9999 -9999 -9999 -9999 -9999 -9999 -9999 -9999 -9999 -9999 -9999 -9999 -9999
-9999 36 16 74 28 -9999 73 41 41 35 18 37 87 104 50 54 110 18 36 93 67 80 74 123 101 61 50 46 39 26 55 35 16 11 0 0 8 46 63 64 76 62 63 51 110 123 133 154 163 106 116 122 95 112 100 105 70 50 86 120 73 -9999 -9999 -9999 -9999 -9999 -9999 -9999 -9999 -9999 -9999 -9999 -9999 -9999 -9999 -9999 -9999 -9999 -9999 -9999 -9999 -9999 -9999 -9999 -9999 -9999 -9999
81 31 20 31 62 118 57 -9999 35 25 44 37 45 59 66 109 40 85 51 49 54 50 29 80 60 71 47 -9999 83 39 2 76 24 18 22 10 11 21 85 71 116 87 51 73 132 114 123 130 80 74 93 135 98 83 111 64 113 144 124 115 113 50 -9999 -9999 -9999 -9999 -9999 -9999 -9999 -9999 -9999 -9999 -9999 -9999 -9999 -9999 -9999 -9999 -9999 -9999 -9999 -9999 -9999 -9999 -9999 -9999 -9999
74 66 11 37 82 85 86 75 21 -9999 -9999 22 30 16 22 46 39 113 92 43 47 36 42 134 75 -9999 14 136 101 -9999 64 62 38 43 63 15 10 116 36 31 69 97 99 108 100 91 88 105 129 124 117 73 120 102 101 108 114 150 99 129 100 98 70 -9999 -9999 -9999 -9999 -9999 -9999 -9999 -9999 -9999 -9999 -9999 -9999 -9999 -9999 -9999 -9999 -9999 -9999 -9999 -9999 -9999 -9999 -9999 -9999
36 46 34 42 107 59 41 91 60 106 37 52 -9999 -9999 -9999 88 40 51 13 60 64 22 42 54 -9999 70 62 45 57 69 81 -9999 56 23 38 51 31 40 44 55 108 105 87 67 62 95 60 95 77 107 95 70 85 102 97 36 38 55 53 77 109 87 84 131 -9999 -9999 -9999 -9999 -9999 -9999 -9999 -9999 -9999 -9999 -9999 -9999 -9999 -9999 -9999 -9999 -9999 -9999 -9999 -9999 -9999 -9999 -9999
-9999 58 30 63 19 111 71 80 60 59 82 102 65 66 17 96 9 -9999 -9999 -9999 40 46 26 -9999 49 61 21 36 38 71 84 78 48 -9999 -9999 76 16 10 19 39 122 53 96 78 79 110 68 87 124 84 135 111 109 82 74 36 118 93 92 110 27 29 58 150 134 -9999 -9999 -9999 -9999 -9999 -9999 -9999 -9999 -9999 -9999 -9999 -9999 -9999 -9999 -9999 -9999 -9999 -9999 -9999 -9999 -9999 -9999
-9999 38 40 55 50 48 112 146 73 86 104 91 106 72 44 55 40 25 97 45 81 106 76 84 106 51 70 75 73 36 71 74 29 17 129 -9999 -9999 38 22 39 62 16 51 100 72 120 142 99 89 69 92 96 111 41 78 76 109 78 93 91 55 41 116 112 149 100 -9999 -9999 -9999 -9999 -9999 -9999 -9999 -9999 -9999 -9999 -9999 -9999 -9999 -9999 -9999 -9999 -9999 -9999 -9999 -9999 -9999
-9999 48 46 73 81 28 86 122 161 164 188 94 116 56 52 38 49 24 19 45 92 109 111 104 139 65 49 76 71 68 53 39 29 18 7 14 10 40 -9999 -9999 143 107 20 53 115 99 77 91 58 85 89 64 52 91 53 95 75 122 86 61 73 92 110 97 124 59 38 -9999 -9999 -9999 -9999 -9999 -9999 -9999 -9999 -9999 -9999 -9999 -9999 -9999 -9999 -9999 -9999 -9999 -9999 -9999 -9999
-9999 -9999 47 39 46 58 50 80 114 93 75 77 65 59 69 65 50 14 9 26 99 81 70 107 99 149 82 85 87 23 28 32 33 3 3 8 39 33 26 30 142 47 63 90 142 90 90 100 55 54 59 73 54 90 94 49 64 128 102 110 113 106 108 104 62 63 63 66 -9999 -9999 -9999 -9999 -9999 -9999 -9999 -9999 -9999 -9999 -9999 -9999 -9999 -9999 -9999 -9999 -9999 -9999 -9999
-9999 -9999 -9999 115 122 68 65 115 115 71 59 61 58 32 110 115 86 72 58 66 132 87 85 111 106 87 141 63 65 25 22 4 4 2 3 0 2 33 2 32 15 7 15 52 66 104 114 99 70 55 23 90 97 128 87 89 200 143 110 95 116 85 47 49 19 31 59 55 74 -9999 -9999 -9999 -9999 -9999 -9999 -9999 -9999 -9999 -9999 -9999 -9999 -9999 -9999 -9999 -9999 -9999 -9999
-9999 -9999 -9999 183 188 112 68 116 114 113 66 65 56 47 119 116 42 67 34 77 72 106 88 108 107 85 85 134 100 59 35 11 25 0 3 3 3 3 7 40 34 9 17 78 50 65 68 87 74 37 42 122 94 131 103 94 93 125 141 117 78 40 56 84 20 67 45 56 91 102 -9999 -9999 -9999 -9999 -9999 -9999 -9999 -9999 -9999 -9999 -9999 -9999 -9999 -9999 -9999 -9999 -9999
-9999 -9999 -9999 -9999 147 82 117 113 60 64 101 113 117 128 107 61 115 85 19 36 105 104 85 89 79 78 85 97 64 49 25 24 18 4 9 3 4 0 8 8 5 0 12 21 60 41 71 101 93 82 87 88 80 77 92 76 87 135 73 54 39 73 11 16 16 103 67 71 108 136 126 -9999 -9999 -9999 -9999 -9999 -9999 -9999 -9999 -9999 -9999 -9999 -9999 -9999 -9999 -9999 -9999
-9999 -9999 -9999 -9999 -9999 100 62 92 71 70 64 53 73 56 116 89 61 71 57 17 87 95 73 64 64 77 76 35 81 116 54 51 72 45 22 0 0 8 5 5 3 0 4 3 4 30 83 57 111 75 84 84 82 85 77 123 113 65 57 55 88 27 10 23 27 87 72 80 90 99 90 114 -9999 -9999 -9999 -9999 -9999 -9999 -9999 -9999 -9999 -9999 -9999 -9999 -9999 -9999 -9999
-9999 -9999 -9999 -9999 -9999 -9999 46 58 59 64 71 62 55 65 97 133 81 89 56 53 53 113 57 81 91 85 74 35 33 101 86 113 78 24 52 6 2 9 22 5 3 3 0 15 17 6 13 23 73 68 84 62 76 58 42 106 142 108 125 62 76 13 17 28 17 19 24 13 75 136 151 87 95 -9999 -9999 -9999 -9999 -9999 -9999 -9999 -9999 -9999 -9999 -9999 -9999 -9999 -9999
-9999 -9999 -9999 -9999 -9999 -9999 -9999 113 114 71 71 62 90 122 91 96 56 40 112 35 96 103 102 83 91 89 78 74 70 105 86 124 36 65 24 5 3 4 8 8 2 0 0 0 5 0 0 9 61 100 56 63 47 43 53 52 42 79 55 86 73 14 15 5 20 0 12 26 58 53 77 71 95 103 -9999 -9999 -9999 -9999 -9999 -9999 -9999 -9999 -9999 -9999 -9999 -9999 -9999
-9999 -9999 -9999 -9999 -9999 -9999 -9999 -9999 48 111 66 60 104 100 94 79 84 56 106 99 9 111 100 60 74 135 93 88 73 75 93 101 56 43 4 38 7 0 0 0 2 2 5 0 0 3 0 0 37 117 24 91 71 75 51 49 77 72 72 73 112 83 123 82 87 20 5 34 37 39 44 102 117 102 96 -9999 -9999 -9999 -9999 -9999 -9999 -9999 -9999 -9999 -9999 -9999 -9999
-9999 -9999 -9999 -9999 -9999 -9999 -9999 -9999 -9999 113 65 63 95 103 116 98 106 143 43 89 78 28 28 22 39 63 87 72 85 64 76 51 6 89 15 54 13 3 2 3 2 7 33 15 0 4 0 0 54 126 31 16 60 71 43 49 52 71 67 67 77 40 40 25 77 116 1 31 3 26 62 71 129 101 75 99 -9999 -9999 -9999 -9999 -9999 -9999 -9999 -9999 -9999 -9999 -9999
-9999 -9999 -9999 -9999 -9999 -9999 -9999 -9999 -9999 113 126 67 94 109 84 97 81 101 130 75 192 99 80 27 31 42 61 77 32 0 64 74 74 42 124 46 31 3 3 2 2 19 18 23 0 3 0 0 54 85 44 26 31 62 71 83 80 82 75 69 77 56 48 40 80 85 20 71 14 11 4 80 77 97 110 129 -9999 -9999 -9999 -9999 -9999 -9999 -9999 -9999 -9999 -9999 -9999
-9999 -9999 -9999 -9999 -9999 -9999 -9999 -9999 -9999 -9999 124 67 105 87 77 82 64 82 86 72 187 174 163 35 59 84 120 62 88 29 10 19 91 44 33 40 5 7 6 0 0 0 0 0 0 0 0 22 132 50 28 40 45 49 59 72 85 84 87 92 80 66 50 49 113 85 1 57 34 2 2 25 23 117 137 101 54 -9999 -9999 -9999 -9999 -9999 -9999 -9999 -9999 -9999 -9999
-9999 -9999 -9999 -9999 -9999 -9999 -9999 -9999 -9999 -9999 -9999 85 61 118 109 46 74 81 103 103 58 145 80 101 135 56 53 84 74 39 0 0 44 72 59 74 38 32 15 0 0 0 0 0 0 0 0 62 57 48 42 47 50 62 48 78 88 82 96 91 89 78 68 54 53 105 111 70 34 1 17 2 22 53 103 82 79 52 -9999 -9999 -9999 -9999 -9999 -9999 -9999 -9999 -9999
-9999 -9999 -9999 -9999 -9999 -9999 -9999 -9999 -9999 -9999 -9999 -9999 92 133 63 44 72 78 81 136 104 127 135 75 71 94 47 46 46 101 6 0 81 53 99 108 63 48 27 21 0 0 0 0 0 0 28 85 27 51 26 27 27 37 25 22 59 77 86 84 90 77 82 84 89 35 54 19 47 13 1 2 1 20 71 61 66 51 -9999 -9999 -9999 -9999 -9999 -9999 -9999 -9999 -9999
-9999 -9999 -9999 -9999 -9999 -9999 -9999 -9999 -9999 -9999 -9999 -9999 -9999 103 50 73 29 68 79 54 75 44 72 24 17 55 78 98 50 63 0 42 86 32 32 61 158 84 66 50 0 0 0 0 0 0 41 57 42 45 47 60 61 26 34 30 35 61 73 78 76 76 78 79 77 76 50 86 13 15 1 1 1 29 60 88 80 131 117 -9999 -9999 -9999 -9999 -9999 -9999 -9999 -9999
-9999 -9999 -9999 -9999 -9999 -9999 -9999 -9999 -9999 -9999 -9999 -9999 -9999 -9999 87 86 71 49 112 79 86 62 129 76 96 85 72 68 35 39 88 49 76 86 75 51 71 83 88 70 54 19 0 0 0 0 40 71 47 58 47 56 54 57 80 80 57 47 3 86 53 75 76 77 75 78 76 36 106 14 4 1 1 28 23 74 71 92 72 -9999 -9999 -9999 -9999 -9999 -9999 -9999 -9999
-9999 -9999 -9999 -9999 -9999 -9999 -9999 -9999 -9999 -9999 -9999 -9999 -9999 -9999 84 87 61 30 124 119 85 94 103 72 78 137 73 64 65 42 73 46 108 101 83 46 92 51 45 76 66 80 5 0 0 0 22 73 44 44 43 43 39 38 42 55 42 38 36 71 7 13 68 83 98 72 55 38 34 18 25 1 1 2 25 66 75 92 145 127 -9999 -9999 -9999 -9999 -9999 -9999 -9999
-9999 -9999 -9999 -9999 -9999 -9999 -9999 -9999 -9999 -9999 -9999 -9999 -9999 -9999 -9999 73 115 99 29 18 47 81 86 88 112 95 100 76 54 7 107 33 33 58 36 47 109 84 82 82 93 69 47 0 0 0 0 90 57 32 32 38 29 29 29 29 29 29 27 31 105 74 3 44 69 45 71 84 48 99 124 4 7 2 5 24 56 75 87 103 -9999 -9999 -9999 -9999 -9999 -9999 -9999
-9999 -9999 -9999 -9999 -9999 -9999 -9999 -9999 -9999 -9999 -9999 -9999 -9999 -9999 -9999 -9999 65 19 7 14 16 47 40 96 89 102 33 94 51 35 28 39 84 31 30 15 61 37 98 89 31 9 88 36 0 0 0 46 79 31 28 35 29 29 28 28 28 29 30 26 45 104 70 8 47 68 84 76 69 67 94 64 40 25 41 14 38 55 82 146 139 -9999 -9999 -9999 -9999 -9999 -9999
-9999 -9999 -9999 -9999 -9999 -9999 -9999 -9999 -9999 -9999 -9999 -9999 -9999 -9999 -9999 -9999 -9999 2 0 0 0 7 29 37 84 67 73 44 80 83 56 102 66 36 29 9 0 9 77 84 30 0 124 60 0 0 0 48 75 35 34 30 22 21 20 28 27 29 39 36 31 104 109 124 75 16 16 28 43 42 78 110 53 72 69 59 19 37 42 61 66 99 -9999 -9999 -9999 -9999 -9999
