example_catchment/sve_example_catchment_slope_16m.asc
NCOLS         139
NROWS         162
XLLCORNER     572256.0
YLLCORNER     7071344.0
CELLSIZE      16.0
NODATA_VALUE  -9999
[rows 60 to 89 of 162, columns 0 to 68 of 139]
-9999 -9999 -9999 -9999 1.0013678 1.2139786 1.7934444 2.4535978 2.4672143 1.8929892 1.6596648 1.5517241 1.1696823 0.9170438 0.80200684 0.76586306 1.4118092 1.9339705 1.4070141 0.74336874 0.3891057 0.9046131 0.80400056 1.0429733 1.8905196 2.889805 3.4451299 3.6247225 3.2873485 2.42405 1.7079633 1.2466054 1.1192758 0.9952078 0.71466064 0.46554077 0.3345153 0.16988863 0.19419654 0.58908504 0.877796 1.0494933 1.2645878 2.2587776 3.213926 2.9608366 3.257146 2.6791255 1.246047 0.47306594 0.2678184 1.1149288 1.887572 1.9414145 1.8735479 1.6875124 1.945262 2.1244478 2.4611762 2.919447 3.5393512 3.5709417 2.6869903 2.9666033 3.2180753 2.5919163 2.8619943 2.1486142 2.189334
-9999 -9999 -9999 -9999 -9999 1.0635157 1.6137457 2.5655508 2.681137 2.2503178 1.8459772 1.3847917 0.91798764 0.6561203 0.6291739 0.76449347 1.4909564 2.101085 1.7847763 1.4095826 0.5848016 1.1881372 0.71373045 0.5459388 1.6177475 2.5104902 2.5051196 3.14456 3.33541 2.8035831 2.3301435 1.3351084 0.9521039 1.1379107 0.8586343 0.68251646 0.56885725 0.309511 0.33263195 0.89189076 1.018835 1.0652505 1.1215849 1.8368598 2.5496452 2.5735524 3.2827008 3.2352695 1.781529 0.52667105 0.715982 1.4406832 1.9068836 1.9782332 2.1204126 1.944174 1.6620175 1.8279091 1.9398019 2.2656794 3.1036794 3.7377543 2.7477493 2.4673717 3.1452816 2.4195013 2.3039627 2.171376 0.4293262
-9999 -9999 -9999 -9999 -9999 -9999 1.380857 2.4150496 3.1336749 2.7245228 2.2994044 1.523662 0.8406476 0.5853358 0.60286224 0.7359244 1.3785657 2.2157466 2.3447523 1.9881579 0.72353154 0.9851868 0.9647995 0.7236426 1.3859876 2.164102 2.2171028 2.705144 3.0171287 3.1066446 2.9750032 1.5453457 0.7021799 1.0350735 0.8498605 0.58614415 0.62126845 0.30237597 0.4753353 1.1932935 1.2347535 1.164103 1.4194462 2.019475 2.326251 2.4058952 2.9298372 3.0714734 2.3274791 1.3252068 1.7923229 2.0162911 1.911987 1.9130081 2.0047488 2.0407703 1.8642949 1.4503762 1.5629278 2.0677025 2.6241593 3.0757284 2.9826052 2.5744722 2.6625116 3.3810146 2.3991454 2.5555172 2.666705
-9999 -9999 -9999 -9999 -9999 -9999 -9999 1.8330653 2.9053924 3.2723703 2.6409323 1.8764307 1.0101998 0.73745954 0.5668255 0.6218755 1.08705 2.0819354 2.647423 2.553687 1.9925305 1.3509523 1.237001 1.3328991 1.52605 1.3197516 1.7159286 2.3729534 2.6437078 3.2291415 3.5648608 2.007603 0.64337754 0.89877576 0.92991817 0.62666804 0.78980654 0.77405566 1.0810106 1.5981113 1.6059355 1.3494413 1.6352162 2.1641996 2.3456643 2.491816 2.8594413 2.8320053 2.2200587 1.963893 1.9436129 2.128567 2.128367 1.7770202 1.7785954 2.0254972 1.9687064 1.6936257 1.7836611 1.9503384 2.260337 2.46365 2.753636 2.6170127 2.0755816 3.3243484 3.9699054 1.4759825 3.6971526
-9999 -9999 -9999 -9999 -9999 -9999 -9999 -9999 2.3735046 2.8896601 2.8547013 2.3313475 1.4407419 0.8743458 0.5847143 0.6478513 1.055321 1.9755858 2.6686285 2.6761045 2.4439785 1.9484059 1.4924321 1.5628242 1.6334352 1.5384195 1.5134532 1.817426 2.113065 2.7804596 3.7084846 2.8530042 1.1221548 0.89597267 1.0751685 0.84209394 0.93693143 0.95487607 1.3426746 1.861245 1.4913123 1.1348778 1.7060434 2.0501838 2.0321317 2.0596678 2.317129 2.5077567 2.0017838 2.178834 2.409071 2.1437151 2.1174152 1.8102283 1.5200309 2.1037807 2.226308 2.012301 1.8293016 1.8325537 2.2576842 2.4072466 2.4101725 2.310952 2.032951 2.5011818 3.9523675 3.4124095 2.4603784
-9999 -9999 -9999 -9999 -9999 -9999 -9999 -9999 -9999 1.9566647 2.8140912 2.8158543 2.137679 1.0935955 0.78249395 0.9186905 1.2786596 1.8681026 2.5706816 2.513546 2.25403 1.9992638 1.7341096 1.63857 1.6451992 1.2725478 1.3127921 1.4205127 1.6843117 2.2043133 2.8032713 3.1114614 2.2973464 1.3031597 1.1840261 1.0859032 0.96934015 1.0893162 1.5574899 1.6987288 1.142823 1.2246771 1.888186 1.8719714 1.7144525 1.9441559 1.9276196 2.2888672 2.3473027 2.3953023 2.8148832 2.7767384 2.2178428 2.2471497 2.325182 2.4605603 2.5474055 1.9829042 1.8684267 2.0115268 2.3700428 2.6442952 2.3752787 1.8514788 2.016855 2.2449627 2.9723258 4.2938547 1.8555835
-9999 -9999 -9999 -9999 -9999 -9999 -9999 -9999 -9999 1.1656928 2.018474 2.792273 2.7077434 1.5136117 1.012671 1.3249472 1.414244 1.7758533 2.5951858 2.8468592 2.493999 2.3140366 1.9850342 1.3733194 1.0192977 0.91970325 0.9614398 1.1291274 1.4993111 1.9060427 1.8923765 2.293209 2.7830644 2.0820844 1.3027343 1.17763 1.0203823 1.1999295 1.4733939 1.4600445 1.4662778 1.7041926 1.8552593 1.6195834 1.724647 2.3405852 2.0292735 1.8627506 2.549383 2.8135498 3.0848486 3.099599 2.35047 2.3559363 2.660026 2.6062772 2.1416965 1.7952542 2.0921335 2.0916955 2.5488925 2.9982233 2.612659 2.0178688 1.8324226 2.2165468 2.3953154 3.7123122 3.907071
-9999 -9999 -9999 -9999 -9999 -9999 -9999 -9999 -9999 -9999 1.2568263 2.2437677 2.7463152 2.0515442 1.5545654 1.7928299 1.5855261 1.5476216 2.3110993 3.1664805 3.1848917 2.6565192 2.071803 1.5702485 1.0838485 1.1308424 1.3155541 1.6042253 1.834342 1.6333374 1.6264018 2.0793064 2.4820118 2.3941638 1.5583719 1.2430605 1.3686627 1.4400302 1.5043408 1.5592196 1.9882014 1.8988019 1.7284099 1.5580481 1.8682774 2.6589456 2.1006756 1.7863063 2.565197 3.1622036 3.2419567 3.0945897 2.5255544 2.5680585 2.628704 2.539746 2.0663068 2.1531625 2.5151954 2.2029955 2.6044507 3.0699053 2.6035523 2.1254551 2.2276137 2.5337543 2.319191 2.7050955 4.260101
-9999 -9999 -9999 -9999 -9999 -9999 -9999 -9999 -9999 -9999 -9999 1.4994528 2.2047489 2.5656033 2.2675538 1.9254136 1.5663552 1.2563839 1.5425717 2.4062676 3.0744905 2.9537592 2.349656 2.268407 2.2653635 1.8284976 1.4410306 1.8905101 2.1164346 1.8259507 1.8070134 2.341855 2.5058923 2.337549 1.7538422 1.595749 1.9195988 1.8097591 1.7601082 1.9838252 2.2847574 2.1148894 1.8919318 1.9438223 2.2436645 2.605479 2.161371 2.1860607 2.9312043 3.217392 3.0747333 3.0964277 2.96644 2.954354 2.8922038 3.0612512 3.1330903 3.0303726 2.5876431 2.081378 2.4264371 2.9683442 2.8050745 2.2793474 2.5834649 2.7999732 2.2804513 2.137953 3.5677202
-9999 -9999 -9999 -9999 -9999 -9999 -9999 -9999 -9999 -9999 -9999 -9999 1.5669191 2.5701973 2.816515 1.9754865 1.3742858 1.0766116 0.9982406 1.2874892 2.1712837 3.1390285 3.1595845 2.8842187 2.7210104 2.36407 1.6910344 1.8699043 2.0751767 1.5894037 1.5885702 2.1679847 2.5528262 2.2269619 1.9500514 2.1350033 2.264318 1.873602 1.6584322 2.0074775 2.3395734 2.112756 1.9782028 2.1276727 2.3509169 2.4300714 2.3673694 2.6684597 3.114802 3.1643505 2.905517 3.0575008 3.251165 3.0249052 2.8429866 2.8948238 3.5809948 3.6480126 2.947893 2.4982996 2.941844 3.2949045 2.9977636 2.3624992 2.3382418 2.4484591 2.172163 2.2331648 2.9841213
-9999 -9999 -9999 -9999 -9999 -9999 -9999 -9999 -9999 -9999 -9999 -9999 -9999 1.8309847 2.5666685 2.2811136 1.3167728 1.0162644 0.9041773 0.93861264 1.3862333 2.474657 3.3695185 3.3644726 2.8162975 2.592514 2.5944574 2.3168418 2.0385554 1.584914 1.729916 2.3396254 2.5281174 2.1738617 2.135022 2.396389 2.1692064 1.6907973 1.7070546 2.0795407 2.3181016 1.9668992 1.8252925 2.0119536 2.1146147 2.4731495 2.654326 2.9251316 3.1903312 3.1342583 2.9884636 3.0099902 3.0504267 2.9503868 2.9910276 2.7648668 2.803857 3.221031 3.3990223 3.3526006 3.4017363 3.331493 2.6929452 2.1570668 2.1622283 2.2408257 2.4352498 2.4682214 2.1761174
-9999 -9999 -9999 -9999 -9999 -9999 -9999 -9999 -9999 -9999 -9999 -9999 -9999 -9999 1.8213675 2.649625 1.8324665 1.075636 0.9566834 1.1034238 1.3941514 1.8626072 2.7386634 3.567525 3.5638905 2.8865628 2.7530384 2.711386 2.1363094 1.7849377 2.1872246 2.5981295 2.4635932 2.2284954 2.299143 2.374799 1.832034 1.1732777 1.6679472 2.2871773 2.4650881 2.3910549 2.31629 2.2698724 2.459639 2.8092082 2.7024107 2.8939505 3.1973617 3.1216393 3.0397375 3.0209708 2.9943407 3.0038419 3.2013192 2.9366565 2.4661832 2.4977438 2.9759161 3.2438636 2.99725 2.7853296 2.4461086 2.232985 2.239731 2.2296264 2.4467108 2.3986576 2.2318656
-9999 -9999 -9999 -9999 -9999 -9999 -9999 -9999 -9999 -9999 -9999 -9999 -9999 -9999 1.1177728 2.2254288 2.3175216 1.3831866 1.0107074 1.2859172 1.6007168 1.9280404 2.2333431 2.7628703 3.6879492 3.7032459 3.1260147 2.7843502 2.466454 2.2474282 2.3006525 2.4209719 2.4052286 2.3982015 2.265911 2.211018 1.7759659 1.0603101 1.6780366 2.7019386 2.6805315 2.6070082 2.2477345 2.1456494 2.664547 2.8774295 2.5039568 2.8008761 3.1253464 2.899321 2.8154123 2.8526683 2.8894145 3.0147367 3.1351774 2.9537995 2.684778 2.541364 2.6774418 3.1543412 3.1991603 2.9687955 2.8047225 2.4465857 2.0861151 2.094789 2.4725213 2.5713499 2.993456
-9999 -9999 -9999 -9999 -9999 -9999 -9999 -9999 -9999 -9999 -9999 -9999 -9999 -9999 -9999 1.381696 2.0937908 1.8880594 1.3686199 1.6096184 1.8255767 1.8863971 1.9333364 2.0636632 2.8783436 3.837492 3.8267462 3.4038844 3.0930889 2.9049277 2.7012117 2.5930002 2.741794 2.3156865 2.1081972 2.261974 2.2956438 2.0094063 2.0411303 2.8288565 2.7962332 2.1097367 1.7428666 2.0974684 2.5426266 2.3813217 2.2705746 2.8924882 3.1573277 2.6777132 2.5342033 2.6063516 2.6110125 2.6218297 2.6880186 2.8011727 2.6909215 2.603224 2.765927 2.9875832 3.3258455 3.4794514 2.8437169 1.9597219 1.8512517 2.1466725 2.6595693 2.990883 2.9726503
-9999 -9999 -9999 -9999 -9999 -9999 -9999 -9999 -9999 -9999 -9999 -9999 -9999 -9999 -9999 -9999 1.5133431 2.1375463 1.9640423 1.8857727 2.032016 1.9130687 1.8291408 1.9557376 2.1885467 2.8342881 3.436986 3.5954235 3.4784842 3.184172 2.9731488 2.93822 2.8587306 2.275614 2.3743606 2.4576561 2.3101006 1.917439 2.0584059 2.517207 2.7390313 2.109545 2.0764496 2.524024 2.2124116 2.10481 2.6216443 3.3526592 3.2304368 2.471089 2.3644865 2.4565284 2.5227919 2.7192948 2.7775958 2.7177887 2.5659714 2.7175908 2.9757242 2.8412213 2.8086834 2.9617925 2.5487773 1.982549 2.075675 2.4522233 2.8837893 3.2912471 3.0219955
-9999 -9999 -9999 -9999 -9999 -9999 -9999 -9999 -9999 -9999 -9999 -9999 -9999 -9999 -9999 -9999 -9999 1.3369727 2.0710225 1.8256595 2.0211253 1.871809 1.8021957 1.8817139 1.882083 2.1930826 2.882952 3.4160643 3.542196 3.2796652 3.1872668 3.3479528 3.194437 2.7887747 2.7237186 2.3352187 1.97399 1.6395788 1.5817983 2.0289576 2.3994915 2.2476306 2.5007803 2.455184 2.0080607 2.588567 3.3321338 3.4595394 2.9436493 2.291587 2.437151 2.7635074 2.6329741 2.7602415 3.1225204 2.8314412 2.639065 2.980396 2.9900157 2.7529004 2.6259077 2.5583081 2.853405 3.0574934 2.8579934 3.0000422 3.2641857 3.366798 2.9512596
-9999 -9999 -9999 -9999 -9999 -9999 -9999 -9999 -9999 -9999 -9999 -9999 -9999 -9999 -9999 -9999 -9999 -9999 -9999 1.3344268 1.7720972 1.8167028 1.8872305 1.9949759 2.0383792 2.36054 2.717871 3.1837928 3.6428995 3.6578426 3.7104113 4.0708275 3.9177778 3.4783125 3.0080292 2.5168557 2.3043973 2.026729 1.8938614 2.0473804 2.0701056 2.1488638 2.6282926 2.5356812 2.5242922 3.2288752 3.4663363 2.9341402 2.5197988 2.4032447 2.5473092 2.7602568 2.5051854 2.6689637 3.2416031 2.9814637 2.7046325 2.910008 2.7351146 2.8393824 3.061806 2.8280272 3.1494174 3.6166322 3.4955406 3.2698615 3.2088833 2.92406 2.3197224
-9999 -9999 -9999 -9999 -9999 -9999 -9999 -9999 -9999 -9999 -9999 -9999 -9999 -9999 -9999 -9999 -9999 -9999 -9999 -9999 1.5770134 2.0749557 2.30612 2.2720954 2.2708216 2.4929264 2.501306 2.6786056 3.261462 3.8894496 4.0976067 4.1696877 4.042697 4.089397 3.8965793 3.1996417 2.6232183 2.3970017 2.4477482 2.7028325 2.6063225 2.5759392 2.8574595 3.095629 3.2377746 3.12918 2.864864 2.3245666 2.2789598 2.6680994 2.6860516 2.516088 2.181522 2.3699763 2.9432144 2.99082 2.7553916 2.728653 2.7378182 3.120179 3.2673256 2.6899326 2.488614 2.8933904 3.3168094 2.9410763 2.4303255 2.196182 1.8959198
-9999 -9999 -9999 -9999 -9999 -9999 -9999 -9999 -9999 -9999 -9999 -9999 -9999 -9999 -9999 -9999 -9999 -9999 -9999 -9999 -9999 1.9502984 2.6899931 2.487437 2.2773452 2.3443785 2.2750425 2.2801342 2.5793848 3.17998 3.5491736 3.3788326 3.253175 3.5474288 3.7636714 3.7754838 3.5301151 3.2078397 3.0698745 3.3498285 3.3271227 3.5078912 3.6969821 3.4880574 3.0384393 2.4165678 2.3336747 2.2172723 2.3969977 2.8487165 2.640238 2.16093 1.8964549 2.0624604 2.6278148 2.9913833 2.8053508 2.5358722 2.770224 3.1404278 3.0189548 2.5110161 2.0779006 1.9653275 2.3589876 2.7429059 2.3622093 2.0737627 1.9233943
-9999 -9999 -9999 -9999 -9999 -9999 -9999 -9999 -9999 -9999 -9999 -9999 -9999 -9999 -9999 -9999 -9999 -9999 -9999 -9999 -9999 -9999 2.136408 2.5091257 2.179418 2.11646 2.0543604 1.9081421 2.0715225 2.3263316 2.5151243 2.60506 2.6562407 2.4877646 2.4841444 3.228566 4.2735944 4.560448 4.0848675 4.014815 3.8508584 3.607583 3.3652778 2.6307576 2.0447712 2.0791836 2.4251382 2.4606504 2.4880846 2.638861 2.3008025 1.7321683 1.7903937 2.1678061 2.6533186 3.0181744 2.833631 2.4971514 2.7622442 3.1131475 2.890281 2.4236197 1.9790266 1.8838089 1.8862619 2.2544572 2.6660943 2.1754713 1.7544394
-9999 -9999 -9999 -9999 -9999 -9999 -9999 -9999 -9999 -9999 -9999 -9999 -9999 -9999 -9999 -9999 -9999 -9999 -9999 -9999 -9999 -9999 -9999 1.7855614 2.1160681 2.0052063 1.8592156 1.6610762 1.7016785 1.9546679 2.2228696 2.462823 2.7561514 2.6146686 2.5594873 2.9140854 3.6437876 4.383937 4.662081 4.2874036 3.5853534 2.856898 2.2970834 1.481875 1.4207234 2.136063 2.6850092 2.77149 2.61101 2.5089135 2.25011 1.9162121 2.165012 2.540038 2.8082504 2.9706905 2.8830314 2.6716583 2.8014061 3.1708224 3.0281193 2.4826567 2.0492628 1.8842983 1.8896846 1.8483742 1.9869539 2.5132253 2.2994974
-9999 -9999 -9999 -9999 -9999 -9999 -9999 -9999 -9999 -9999 -9999 -9999 -9999 -9999 -9999 -9999 -9999 -9999 -9999 -9999 -9999 -9999 -9999 -9999 1.5352689 1.892561 1.7662926 1.7375927 1.8236495 2.003307 2.1952407 2.2475135 2.5856094 2.7856479 2.9352474 3.0804462 3.4452507 3.2974977 3.3688283 2.9153936 2.1262324 1.8095146 1.630922 1.304453 1.5874083 2.2756991 2.55962 3.0799062 2.9304833 2.5196323 2.3549068 2.2886121 2.385859 2.6630027 2.8706708 2.855679 2.884813 2.9071233 2.9190447 3.0316424 3.0722976 2.6354167 2.200905 1.9428713 1.5925369 1.7932428 2.1239605 2.562654 3.1755593
-9999 -9999 -9999 -9999 -9999 -9999 -9999 -9999 -9999 -9999 -9999 -9999 -9999 -9999 -9999 -9999 -9999 -9999 -9999 -9999 -9999 -9999 -9999 -9999 -9999 0.97771454 1.6820552 1.7832792 1.9293445 2.0926447 2.16659 2.1023085 2.2018328 2.4271646 2.708606 3.1497862 3.3914065 2.587354 1.7004267 0.8807372 0.55544335 1.1754656 1.5316952 1.5313318 1.7182412 2.2955968 2.465193 3.210965 3.2861652 2.2539332 2.0034633 1.9350916 2.0132 2.6224554 2.9628851 2.86382 2.9828281 3.1109726 2.9347243 2.6815987 2.841005 2.776064 2.2492936 1.9059492 1.6652267 1.7895259 2.6025999 2.410612 2.4076006
-9999 -9999 -9999 -9999 -9999 -9999 -9999 -9999 -9999 -9999 -9999 -9999 -9999 -9999 -9999 -9999 -9999 -9999 -9999 -9999 -9999 -9999 -9999 -9999 -9999 -9999 -9999 1.3546495 2.02338 2.1352363 2.085757 2.072992 2.0860672 2.2797947 2.5092432 2.6942496 2.6502843 2.1465535 2.355378 2.0297184 1.2552893 1.7108322 1.54677 1.3748945 1.3388412 2.182901 2.5191338 2.9203234 3.1122296 2.1600301 1.7561127 1.6872933 1.9330148 2.7261572 2.976815 2.8358698 3.0018868 3.089843 2.738409 2.3485441 2.5848236 2.7145157 2.2679105 1.9423757 1.9003491 2.1963391 2.4628544 2.389586 1.9490712
-9999 -9999 -9999 -9999 -9999 -9999 -9999 -9999 -9999 -9999 -9999 -9999 -9999 -9999 -9999 -9999 -9999 -9999 -9999 -9999 -9999 -9999 -9999 -9999 -9999 -9999 -9999 -9999 1.0840415 1.9916396 2.038014 2.0181293 2.0300853 2.1693747 2.3646479 2.1690683 2.1040494 1.992667 2.591515 3.5939612 2.9211295 2.047124 1.2817674 1.1342404 1.2028586 2.1402469 2.525844 2.4627097 2.6012897 2.3121185 1.9648829 1.8321221 2.1601582 2.8154142 3.0146084 2.8914678 3.0211117 3.0534043 2.58733 2.202848 2.3992436 2.4166985 2.2327647 2.2038283 2.069713 2.1507697 2.2602596 2.0985003 2.102428
-9999 -9999 -9999 -9999 -9999 -9999 -9999 -9999 -9999 -9999 -9999 -9999 -9999 -9999 -9999 -9999 -9999 -9999 -9999 -9999 -9999 -9999 -9999 -9999 -9999 -9999 -9999 -9999 -9999 -9999 1.5050802 1.9401329 1.9735913 2.2027895 2.4289455 2.241659 1.952601 1.6953973 1.6884731 2.7716274 2.903098 1.9228183 1.4082254 1.5521874 1.8070318 2.2601573 2.6163163 2.4451134 2.273705 2.3144257 2.3646984 2.1581368 2.3187237 2.698943 2.9136293 3.0068457 3.047748 2.984074 2.4744177 2.0782535 2.161648 2.1550992 2.1745985 2.4592233 2.3241751 1.9952383 1.9768351 2.0363643 2.1287405
-9999 -9999 -9999 -9999 -9999 -9999 -9999 -9999 -9999 -9999 -9999 -9999 -9999 -9999 -9999 -9999 -9999 -9999 -9999 -9999 -9999 -9999 -9999 -9999 -9999 -9999 -9999 -9999 -9999 -9999 -9999 1.4289051 1.9780335 2.211667 2.3382647 2.0734246 1.7434884 1.5559964 1.5035789 1.8080269 2.4369988 2.3776453 1.9571624 2.071917 2.4692957 2.7013392 2.8052578 2.5759711 2.2037227 2.2967486 2.5448294 2.351842 2.4086516 2.561256 2.7031348 2.9707274 2.9489493 2.7970567 2.35137 1.9370457 1.9177767 2.0374596 2.178075 2.5182366 2.4905899 2.0204284 1.8733436 1.9070907 1.8638803
-9999 -9999 -9999 -9999 -9999 -9999 -9999 -9999 -9999 -9999 -9999 -9999 -9999 -9999 -9999 -9999 -9999 -9999 -9999 -9999 -9999 -9999 -9999 -9999 -9999 -9999 -9999 -9999 -9999 -9999 -9999 -9999 0.9837716 1.7693704 1.9633049 1.9332142 1.7302026 1.6720653 1.5990833 1.528413 2.0718067 2.6274128 2.5543647 2.4737568 2.4647782 2.6518679 2.710478 2.2256129 2.0108685 2.37467 2.509261 2.2893941 2.5456889 2.6503847 2.6007252 2.854316 2.8473077 2.7547274 2.4239693 1.9743462 1.906149 2.0762186 2.214444 2.4562292 2.5136757 2.0627518 1.7692201 1.6662673 1.4629099
-9999 -9999 -9999 -9999 -9999 -9999 -9999 -9999 -9999 -9999 -9999 -9999 -9999 -9999 -9999 -9999 -9999 -9999 -9999 -9999 -9999 -9999 -9999 -9999 -9999 -9999 -9999 -9999 -9999 -9999 -9999 -9999 -9999 -9999 1.4146353 1.8162848 1.8747768 1.8618491 1.6613746 1.46388 1.5813835 2.0920901 2.619024 2.8675437 2.5918927 2.4259448 2.1627014 1.618077 1.8111461 2.432175 2.3709064 2.2065692 2.5182326 2.7504792 2.7272346 2.8825665 2.9000034 2.9122386 2.6330473 2.0999568 1.9316903 2.0617363 2.1823182 2.3149958 2.3777578 2.0384915 1.6795492 1.4231992 1.3004329
-9999 -9999 -9999 -9999 -9999 -9999 -9999 -9999 -9999 -9999 -9999 -9999 -9999 -9999 -9999 -9999 -9999 -9999 -9999 -9999 -9999 -9999 -9999 -9999 -9999 -9999 -9999 -9999 -9999 -9999 -9999 -9999 -9999 -9999 -9999 0.8735984 1.9739969 2.1084023 1.7733706 1.5694988 1.3298361 1.4689553 1.978249 2.2546966 2.0857606 1.7188693 1.5580076 1.6569164 2.059698 2.4492924 2.3579526 2.12292 2.3146684 2.721369 2.9201458 3.0500932 3.0808296 2.9449325 2.5402668 2.0644836 1.8163571 1.8717549 2.0780432 2.0875883 2.1545975 2.0257807 1.6702598 1.361029 1.2890024
