example_catchment/sve_2_keskipituus.asc
ncols         139
nrows         162
xllcorner     572256
yllcorner     7071344
cellsize      16
NODATA_value  -9999
[rows 74 to 110 of 162, columns 0 to 82 of 139]
-9999 -9999 -9999 -9999 -9999 -9999 -9999 -9999 -9999 -9999 -9999 -9999 -9999 -9999 -9999 -9999 151 117 41 31 50 123 142 147 153 181 144 149 149 148 136 128 119 98 98 102 116 133 138 135 165 174 147 75 2 2 3 94 162 195 194 193 198 196 195 195 196 197 197 193 222 217 182 193 181 163 137 131 135 136 140 114 85 94 85 151 135 114 131 148 137 -9999 -9999
-9999 -9999 -9999 -9999 -9999 -9999 -9999 -9999 -9999 -9999 -9999 -9999 -9999 -9999 -9999 -9999 -9999 18 16 11 13 30 67 97 141 158 160 161 147 153 157 111 148 101 95 27 30 72 137 152 166 177 175 96 3 2 1 96 175 196 196 196 186 187 188 195 194 198 190 193 195 216 212 205 206 197 184 177 175 162 141 145 134 135 103 102 104 78 109 138 132 135 -9999
-9999 -9999 -9999 -9999 -9999 -9999 -9999 -9999 -9999 -9999 -9999 -9999 -9999 -9999 -9999 -9999 -9999 -9999 -9999 12 10 23 8 80 108 141 153 156 176 158 157 154 131 149 131 110 47 106 151 147 178 176 173 155 8 2 2 75 170 195 196 195 186 193 193 188 194 196 191 187 192 194 199 225 219 220 201 190 195 190 199 199 186 145 149 134 105 111 115 141 145 148 154
-9999 -9999 -9999 -9999 -9999 -9999 -9999 -9999 -9999 -9999 -9999 -9999 -9999 -9999 -9999 -9999 -9999 -9999 -9999 -9999 9 11 11 28 62 99 100 126 149 175 170 160 126 118 136 122 110 140 154 135 136 165 173 138 102 3 2 88 156 195 196 195 188 189 188 186 192 192 190 187 190 192 196 203 217 221 228 219 221 222 222 211 211 214 172 148 131 137 120 112 149 154 146
-9999 -9999 -9999 -9999 -9999 -9999 -9999 -9999 -9999 -9999 -9999 -9999 -9999 -9999 -9999 -9999 -9999 -9999 -9999 -9999 -9999 21 22 11 22 24 58 109 142 169 142 119 39 39 122 163 148 152 156 156 139 131 139 134 108 57 35 102 163 192 196 196 195 216 216 187 188 189 189 193 194 180 179 198 212 218 217 220 220 212 205 191 203 212 175 171 146 132 103 118 122 141 155
-9999 -9999 -9999 -9999 -9999 -9999 -9999 -9999 -9999 -9999 -9999 -9999 -9999 -9999 -9999 -9999 -9999 -9999 -9999 -9999 -9999 -9999 22 23 23 18 7 54 35 127 121 8 16 13 65 157 160 166 157 148 158 158 160 135 141 140 148 148 166 193 191 192 197 195 194 195 189 190 194 191 181 180 178 179 195 188 208 222 219 201 191 164 162 216 214 192 174 131 87 55 120 101 142
-9999 -9999 -9999 -9999 -9999 -9999 -9999 -9999 -9999 -9999 -9999 -9999 -9999 -9999 -9999 -9999 -9999 -9999 -9999 -9999 -9999 -9999 -9999 5 17 18 11 15 9 21 22 8 18 9 18 96 158 155 160 164 151 157 150 146 145 159 169 177 176 180 191 187 192 196 194 195 196 201 200 194 192 180 179 177 179 187 202 195 195 196 190 158 156 207 225 202 181 166 123 88 109 98 127
-9999 -9999 -9999 -9999 -9999 -9999 -9999 -9999 -9999 -9999 -9999 -9999 -9999 -9999 -9999 -9999 -9999 -9999 -9999 -9999 -9999 -9999 -9999 -9999 6 18 22 22 12 21 21 7 37 40 41 14 57 123 141 166 144 158 147 150 126 166 182 162 198 186 180 192 191 189 190 194 195 195 196 198 197 190 191 179 179 182 195 199 196 196 193 153 153 194 210 207 209 165 139 94 109 81 107
-9999 -9999 -9999 -9999 -9999 -9999 -9999 -9999 -9999 -9999 -9999 -9999 -9999 -9999 -9999 -9999 -9999 -9999 -9999 -9999 -9999 -9999 -9999 -9999 -9999 7 21 21 11 20 20 29 66 4 7 12 15 17 87 167 150 144 142 140 133 137 144 140 153 193 192 181 180 181 193 192 194 195 195 195 195 194 188 190 191 185 185 182 194 197 195 177 169 189 188 205 193 183 145 144 121 134 103
-9999 -9999 -9999 -9999 -9999 -9999 -9999 -9999 -9999 -9999 -9999 -9999 -9999 -9999 -9999 -9999 -9999 -9999 -9999 -9999 -9999 -9999 -9999 -9999 -9999 -9999 -9999 20 18 21 21 33 70 56 2 2 2 9 19 106 139 144 179 140 135 134 138 149 147 168 196 194 194 194 190 192 193 195 193 194 195 195 195 195 196 193 182 176 177 187 197 177 178 135 177 192 191 161 131 183 143 135 118
-9999 -9999 -9999 -9999 -9999 -9999 -9999 -9999 -9999 -9999 -9999 -9999 -9999 -9999 -9999 -9999 -9999 -9999 -9999 -9999 -9999 -9999 -9999 -9999 -9999 -9999 -9999 -9999 10 11 18 7 24 13 18 2 2 1 37 79 173 138 179 182 139 130 125 158 163 167 173 170 142 183 181 191 195 195 193 193 195 194 195 196 194 193 192 178 176 175 189 198 177 170 190 190 189 146 168 140 167 152 142
-9999 -9999 -9999 -9999 -9999 -9999 -9999 -9999 -9999 -9999 -9999 -9999 -9999 -9999 -9999 -9999 -9999 -9999 -9999 -9999 -9999 -9999 -9999 -9999 -9999 -9999 -9999 -9999 -9999 -9999 10 11 10 20 21 23 1 2 109 157 177 144 174 178 145 145 140 121 137 139 181 159 144 149 187 194 195 195 195 193 194 194 192 195 195 180 171 176 179 177 191 209 204 192 199 209 191 133 139 135 146 153 151
-9999 -9999 -9999 -9999 -9999 -9999 -9999 -9999 -9999 -9999 -9999 -9999 -9999 -9999 -9999 -9999 -9999 -9999 -9999 -9999 -9999 -9999 -9999 -9999 -9999 -9999 -9999 -9999 -9999 -9999 -9999 10 11 22 21 15 20 101 150 170 188 167 165 167 145 148 152 130 120 135 138 142 141 142 189 193 196 195 195 193 192 192 194 198 185 180 153 181 201 193 191 211 210 207 209 208 204 125 137 133 151 162 156
-9999 -9999 -9999 -9999 -9999 -9999 -9999 -9999 -9999 -9999 -9999 -9999 -9999 -9999 -9999 -9999 -9999 -9999 -9999 -9999 -9999 -9999 -9999 -9999 -9999 -9999 -9999 -9999 -9999 -9999 -9999 -9999 12 23 20 4 135 97 173 185 193 201 174 139 130 149 144 128 130 134 135 136 144 150 172 200 195 195 195 195 194 192 191 192 192 182 172 175 208 191 193 195 212 211 198 199 210 160 161 131 147 157 157
-9999 -9999 -9999 -9999 -9999 -9999 -9999 -9999 -9999 -9999 -9999 -9999 -9999 -9999 -9999 -9999 -9999 -9999 -9999 -9999 -9999 -9999 -9999 -9999 -9999 -9999 -9999 -9999 -9999 -9999 -9999 -9999 -9999 -9999 9 13 19 123 195 193 195 185 189 145 152 131 133 132 133 130 126 159 139 120 156 180 193 181 192 192 192 180 178 178 180 174 191 193 203 193 191 193 195 193 195 195 196 180 165 144 155 157 156
-9999 -9999 -9999 -9999 -9999 -9999 -9999 -9999 -9999 -9999 -9999 -9999 -9999 -9999 -9999 -9999 -9999 -9999 -9999 -9999 -9999 -9999 -9999 -9999 -9999 -9999 -9999 -9999 -9999 -9999 -9999 -9999 -9999 -9999 -9999 9 88 155 194 193 194 192 189 195 156 162 144 151 147 132 143 141 120 141 179 132 131 145 194 193 193 179 177 177 180 210 204 204 187 192 179 193 197 196 195 196 197 203 165 152 156 156 159
-9999 -9999 -9999 -9999 -9999 -9999 -9999 -9999 -9999 -9999 -9999 -9999 -9999 -9999 -9999 -9999 -9999 -9999 -9999 -9999 -9999 -9999 -9999 -9999 -9999 -9999 -9999 -9999 -9999 -9999 -9999 -9999 -9999 -9999 -9999 -9999 -9999 159 194 189 189 188 192 193 184 160 166 141 139 141 176 149 183 194 177 168 130 149 192 195 195 180 173 172 182 224 213 205 166 166 145 183 197 196 191 190 196 196 193 175 157 160 160
-9999 -9999 -9999 -9999 -9999 -9999 -9999 -9999 -9999 -9999 -9999 -9999 -9999 -9999 -9999 -9999 -9999 -9999 -9999 -9999 -9999 -9999 -9999 -9999 -9999 -9999 -9999 -9999 -9999 -9999 -9999 -9999 -9999 -9999 -9999 -9999 -9999 -9999 191 192 180 180 189 195 185 191 173 146 169 201 182 175 181 192 203 195 165 174 205 195 196 193 175 174 171 199 206 208 157 147 146 167 190 191 195 194 196 208 198 184 172 162 162
-9999 -9999 -9999 -9999 -9999 -9999 -9999 -9999 -9999 -9999 -9999 -9999 -9999 -9999 -9999 -9999 -9999 -9999 -9999 -9999 -9999 -9999 -9999 -9999 -9999 -9999 -9999 -9999 -9999 -9999 -9999 -9999 -9999 -9999 -9999 -9999 -9999 -9999 -9999 -9999 195 180 179 181 184 183 175 175 174 176 176 178 192 186 181 200 200 201 190 199 201 201 188 157 165 189 193 196 164 146 152 176 188 206 214 194 197 201 208 196 179 169 164
-9999 -9999 -9999 -9999 -9999 -9999 -9999 -9999 -9999 -9999 -9999 -9999 -9999 -9999 -9999 -9999 -9999 -9999 -9999 -9999 -9999 -9999 -9999 -9999 -9999 -9999 -9999 -9999 -9999 -9999 -9999 -9999 -9999 -9999 -9999 -9999 -9999 -9999 -9999 -9999 -9999 193 177 175 177 182 183 174 174 176 179 192 182 178 164 185 203 199 199 203 202 204 196 174 158 179 189 191 153 141 134 183 212 214 228 217 196 206 211 199 192 172 164
-9999 -9999 -9999 -9999 -9999 -9999 -9999 -9999 -9999 -9999 -9999 -9999 -9999 -9999 -9999 -9999 -9999 -9999 -9999 -9999 -9999 -9999 -9999 -9999 -9999 -9999 -9999 -9999 -9999 -9999 -9999 -9999 -9999 -9999 -9999 -9999 -9999 -9999 -9999 -9999 -9999 -9999 -9999 177 178 190 189 197 192 199 201 198 176 181 182 172 199 201 194 201 197 190 190 169 172 174 179 158 174 175 198 205 205 205 218 209 205 212 210 210 198 190 202
-9999 -9999 -9999 -9999 -9999 -9999 -9999 -9999 -9999 -9999 -9999 -9999 -9999 -9999 -9999 -9999 -9999 -9999 -9999 -9999 -9999 -9999 -9999 -9999 -9999 -9999 -9999 -9999 -9999 -9999 -9999 -9999 -9999 -9999 -9999 -9999 -9999 -9999 -9999 -9999 -9999 -9999 -9999 -9999 192 189 190 197 196 194 194 200 177 173 188 190 198 201 181 210 207 172 196 195 196 180 173 173 196 203 200 198 199 213 219 217 238 238 211 198 199 206 176
-9999 -9999 -9999 -9999 -9999 -9999 -9999 -9999 -9999 -9999 -9999 -9999 -9999 -9999 -9999 -9999 -9999 -9999 -9999 -9999 -9999 -9999 -9999 -9999 -9999 -9999 -9999 -9999 -9999 -9999 -9999 -9999 -9999 -9999 -9999 -9999 -9999 -9999 -9999 -9999 -9999 -9999 -9999 -9999 -9999 -9999 190 191 218 231 233 196 182 176 191 200 199 195 182 198 210 179 195 174 182 188 187 196 199 198 197 197 206 200 213 220 224 238 239 238 238 200 205
-9999 -9999 -9999 -9999 -9999 -9999 -9999 -9999 -9999 -9999 -9999 -9999 -9999 -9999 -9999 -9999 -9999 -9999 -9999 -9999 -9999 -9999 -9999 -9999 -9999 -9999 -9999 -9999 -9999 -9999 -9999 -9999 -9999 -9999 -9999 -9999 -9999 -9999 -9999 -9999 -9999 -9999 -9999 -9999 -9999 -9999 -9999 191 222 217 220 188 191 198 206 207 208 184 183 192 189 200 201 183 182 182 189 192 200 205 205 198 173 177 199 218 229 228 230 231 226 218 205
-9999 -9999 -9999 -9999 -9999 -9999 -9999 -9999 -9999 -9999 -9999 -9999 -9999 -9999 -9999 -9999 -9999 -9999 -9999 -9999 -9999 -9999 -9999 -9999 -9999 -9999 -9999 -9999 -9999 -9999 -9999 -9999 -9999 -9999 -9999 -9999 -9999 -9999 -9999 -9999 -9999 -9999 -9999 -9999 -9999 -9999 -9999 -9999 210 207 191 187 195 197 218 204 189 195 182 187 204 203 204 186 187 179 181 188 193 191 167 171 159 158 177 213 217 216 216 211 215 218 207
-9999 -9999 -9999 -9999 -9999 -9999 -9999 -9999 -9999 -9999 -9999 -9999 -9999 -9999 -9999 -9999 -9999 -9999 -9999 -9999 -9999 -9999 -9999 -9999 -9999 -9999 -9999 -9999 -9999 -9999 -9999 -9999 -9999 -9999 -9999 -9999 -9999 -9999 -9999 -9999 -9999 -9999 -9999 -9999 -9999 -9999 -9999 -9999 -9999 192 190 192 194 197 197 185 191 181 188 194 201 208 197 201 189 186 202 207 195 198 163 162 166 154 173 197 196 196 190 190 194 209 206
-9999 -9999 -9999 -9999 -9999 -9999 -9999 -9999 -9999 -9999 -9999 -9999 -9999 -9999 -9999 -9999 -9999 -9999 -9999 -9999 -9999 -9999 -9999 -9999 -9999 -9999 -9999 -9999 -9999 -9999 -9999 -9999 -9999 -9999 -9999 -9999 -9999 -9999 -9999 -9999 -9999 -9999 -9999 -9999 -9999 -9999 -9999 -9999 -9999 -9999 -9999 177 194 199 199 187 184 161 180 193 194 207 209 206 190 186 193 202 197 188 157 156 163 145 132 145 194 189 195 188 194 194 205
-9999 -9999 -9999 -9999 -9999 -9999 -9999 -9999 -9999 -9999 -9999 -9999 -9999 -9999 -9999 -9999 -9999 -9999 -9999 -9999 -9999 -9999 -9999 -9999 -9999 -9999 -9999 -9999 -9999 -9999 -9999 -9999 -9999 -9999 -9999 -9999 -9999 -9999 -9999 -9999 -9999 -9999 -9999 -9999 -9999 -9999 -9999 -9999 -9999 -9999 -9999 -9999 193 199 197 179 171 157 177 192 192 193 196 203 202 186 176 197 193 192 151 152 151 164 146 162 157 171 173 207 210 190 188
-9999 -9999 -9999 -9999 -9999 -9999 -9999 -9999 -9999 -9999 -9999 -9999 -9999 -9999 -9999 -9999 -9999 -9999 -9999 -9999 -9999 -9999 -9999 -9999 -9999 -9999 -9999 -9999 -9999 -9999 -9999 -9999 -9999 -9999 -9999 -9999 -9999 -9999 -9999 -9999 -9999 -9999 -9999 -9999 -9999 -9999 -9999 -9999 -9999 -9999 -9999 -9999 -9999 197 193 179 184 180 163 189 189 182 186 200 209 207 198 194 204 172 157 153 160 152 138 140 127 145 151 169 163 136 143
-9999 -9999 -9999 -9999 -9999 -9999 -9999 -9999 -9999 -9999 -9999 -9999 -9999 -9999 -9999 -9999 -9999 -9999 -9999 -9999 -9999 -9999 -9999 -9999 -9999 -9999 -9999 -9999 -9999 -9999 -9999 -9999 -9999 -9999 -9999 -9999 -9999 -9999 -9999 -9999 -9999 -9999 -9999 -9999 -9999 -9999 -9999 -9999 -9999 -9999 -9999 -9999 -9999 -9999 192 196 199 200 189 186 194 186 183 199 211 211 207 190 207 171 160 145 166 165 144 140 123 144 150 158 128 120 138
-9999 -9999 -9999 -9999 -9999 -9999 -9999 -9999 -9999 -9999 -9999 -9999 -9999 -9999 -9999 -9999 -9999 -9999 -9999 -9999 -9999 -9999 -9999 -9999 -9999 -9999 -9999 -9999 -9999 -9999 -9999 -9999 -9999 -9999 -9999 -9999 -9999 -9999 -9999 -9999 -9999 -9999 -9999 -9999 -9999 -9999 -9999 -9999 -9999 -9999 -9999 -9999 -9999 -9999 -9999 225 211 212 198 199 199 194 189 195 199 198 189 191 190 173 160 154 169 163 172 140 136 138 129 134 141 145 121
-9999 -9999 -9999 -9999 -9999 -9999 -9999 -9999 -9999 -9999 -9999 -9999 -9999 -9999 -9999 -9999 -9999 -9999 -9999 -9999 -9999 -9999 -9999 -9999 -9999 -9999 -9999 -9999 -9999 -9999 -9999 -9999 -9999 -9999 -9999 -9999 -9999 -9999 -9999 -9999 -9999 -9999 -9999 -9999 -9999 -9999 -9999 -9999 -9999 -9999 -9999 -9999 -9999 -9999 -9999 -9999 206 224 209 189 202 207 205 200 199 199 185 191 185 186 164 156 143 149 173 156 140 124 122 126 116 138 145
-9999 -9999 -9999 -9999 -9999 -9999 -9999 -9999 -9999 -9999 -9999 -9999 -9999 -9999 -9999 -9999 -9999 -9999 -9999 -9999 -9999 -9999 -9999 -9999 -9999 -9999 -9999 -9999 -9999 -9999 -9999 -9999 -9999 -9999 -9999 -9999 -9999 -9999 -9999 -9999 -9999 -9999 -9999 -9999 -9999 -9999 -9999 -9999 -9999 -9999 -9999 -9999 -9999 -9999 -9999 -9999 -9999 187 187 197 197 208 196 175 196 205 208 205 202 195 161 156 141 142 171 165 131 139 145 141 112 122 128
-9999 -9999 -9999 -9999 -9999 -9999 -9999 -9999 -9999 -9999 -9999 -9999 -9999 -9999 -9999 -9999 -9999 -9999 -9999 -9999 -9999 -9999 -9999 -9999 -9999 -9999 -9999 -9999 -9999 -9999 -9999 -9999 -9999 -9999 -9999 -9999 -9999 -9999 -9999 -9999 -9999 -9999 -9999 -9999 -9999 -9999 -9999 -9999 -9999 -9999 -9999 -9999 -9999 -9999 -9999 -9999 -9999 -9999 154 202 189 208 181 166 167 182 179 204 209 189 157 157 164 159 170 161 131 151 155 172 151 154 148
-9999 -9999 -9999 -9999 -9999 -9999 -9999 -9999 -9999 -9999 -9999 -9999 -9999 -9999 -9999 -9999 -9999 -9999 -9999 -9999 -9999 -9999 -9999 -9999 -9999 -9999 -9999 -9999 -9999 -9999 -9999 -9999 -9999 -9999 -9999 -9999 -9999 -9999 -9999 -9999 -9999 -9999 -9999 -9999 -9999 -9999 -9999 -9999 -9999 -9999 -9999 -9999 -9999 -9999 -9999 -9999 -9999 -9999 -9999 191 199 202 176 162 162 175 196 205 181 176 175 151 156 161 172 151 156 173 177 158 150 163 171
-9999 -9999 -9999 -9999 -9999 -9999 -9999 -9999 -9999 -9999 -9999 -9999 -9999 -9999 -9999 -9999 -9999 -9999 -9999 -9999 -9999 -9999 -9999 -9999 -9999 -9999 -9999 -9999 -9999 -9999 -9999 -9999 -9999 -9999 -9999 -9999 -9999 -9999 -9999 -9999 -9999 -9999 -9999 -9999 -9999 -9999 -9999 -9999 -9999 -9999 -9999 -9999 -9999 -9999 -9999 -9999 -9999 -9999 -9999 -9999 206 188 153 158 152 160 167 181 179 183 165 156 156 149 157 176 168 165 148 143 152 169 154
-9999 -9999 -9999 -9999 -9999 -9999 -9999 -9999 -9999 -9999 -9999 -9999 -9999 -9999 -9999 -9999 -9999 -9999 -9999 -9999 -9999 -9999 -9999 -9999 -9999 -9999 -9999 -9999 -9999 -9999 -9999 -9999 -9999 -9999 -9999 -9999 -9999 -9999 -9999 -9999 -9999 -9999 -9999 -9999 -9999 -9999 -9999 -9999 -9999 -9999 -9999 -9999 -9999 -9999 -9999 -9999 -9999 -9999 -9999 -9999 -9999 207 172 139 145 142 142 153 187 173 179 165 180 167 178 167 162 142 143 142 146 170 162
