example_catchment/sve_example_catchment_ika.asc
ncols         139
nrows         162
xllcorner     572256
yllcorner     7071344
cellsize      16
NODATA_value  -9999
[rows 76 to 113 of 162, columns 0 to 84 of 139]
-9999 -9999 -9999 -9999 -9999 -9999 -9999 -9999 -9999 -9999 -9999 -9999 -9999 -9999 -9999 -9999 -9999 -9999 -9999 9 7 11 7 35 53 85 87 98 107 94 53 50 38 55 55 40 25 44 53 41 67 65 68 56 7 4 3 32 66 118 116 117 107 102 101 105 117 116 118 120 118 117 100 137 130 114 92 93 103 90 97 99 72 80 76 63 39 46 36 58 52 47 51 -9999 -9999
-9999 -9999 -9999 -9999 -9999 -9999 -9999 -9999 -9999 -9999 -9999 -9999 -9999 -9999 -9999 -9999 -9999 -9999 -9999 -9999 8 7 8 14 26 43 50 64 76 110 86 46 38 40 53 38 35 45 46 39 45 55 58 48 51 4 4 37 75 117 117 117 106 107 107 106 94 118 119 119 116 114 102 115 144 158 145 142 113 114 114 122 122 119 89 68 86 64 40 41 56 58 44 -9999 -9999
-9999 -9999 -9999 -9999 -9999 -9999 -9999 -9999 -9999 -9999 -9999 -9999 -9999 -9999 -9999 -9999 -9999 -9999 -9999 -9999 -9999 19 17 8 11 12 28 48 51 87 73 50 19 24 44 60 38 46 47 47 42 46 50 48 45 28 18 46 68 117 118 117 116 111 111 106 120 118 118 114 111 90 96 101 106 141 143 128 114 142 119 144 108 114 104 76 62 68 32 39 41 57 43 46 -9999
-9999 -9999 -9999 -9999 -9999 -9999 -9999 -9999 -9999 -9999 -9999 -9999 -9999 -9999 -9999 -9999 -9999 -9999 -9999 -9999 -9999 -9999 20 17 16 16 7 30 24 58 58 7 11 10 23 52 53 55 53 52 53 53 52 45 46 46 49 59 59 113 116 118 116 116 117 117 119 118 117 117 95 90 90 93 103 109 120 113 139 145 114 108 102 95 118 105 89 65 40 22 44 36 57 52 41
-9999 -9999 -9999 -9999 -9999 -9999 -9999 -9999 -9999 -9999 -9999 -9999 -9999 -9999 -9999 -9999 -9999 -9999 -9999 -9999 -9999 -9999 -9999 4 17 17 7 16 8 12 10 8 17 8 12 39 52 52 51 55 51 53 47 46 41 49 55 58 72 95 115 119 118 116 117 117 116 115 115 117 115 94 92 88 96 116 123 116 116 116 114 108 99 105 99 106 142 107 87 55 44 36 51 47 49
-9999 -9999 -9999 -9999 -9999 -9999 -9999 -9999 -9999 -9999 -9999 -9999 -9999 -9999 -9999 -9999 -9999 -9999 -9999 -9999 -9999 -9999 -9999 -9999 7 17 17 16 8 18 17 7 17 23 24 9 20 42 41 56 49 50 47 47 36 55 60 57 71 72 91 113 115 117 118 117 117 116 116 115 116 118 116 96 98 115 115 115 116 116 114 103 93 109 103 105 120 138 78 69 77 43 41 46 38
-9999 -9999 -9999 -9999 -9999 -9999 -9999 -9999 -9999 -9999 -9999 -9999 -9999 -9999 -9999 -9999 -9999 -9999 -9999 -9999 -9999 -9999 -9999 -9999 -9999 7 18 17 7 18 18 19 35 5 6 9 10 13 23 52 54 51 50 42 38 40 44 48 60 72 84 92 93 95 104 115 117 117 116 116 117 117 119 118 118 117 116 116 117 115 114 129 83 109 114 105 119 137 93 83 68 70 47 30 49
-9999 -9999 -9999 -9999 -9999 -9999 -9999 -9999 -9999 -9999 -9999 -9999 -9999 -9999 -9999 -9999 -9999 -9999 -9999 -9999 -9999 -9999 -9999 -9999 -9999 -9999 -9999 18 17 18 18 17 35 29 4 4 4 8 13 37 49 49 58 50 45 44 41 46 52 52 71 71 72 71 73 84 114 117 117 117 117 117 117 117 116 117 104 93 96 115 114 132 129 77 87 120 115 79 92 166 78 123 62 31 30
-9999 -9999 -9999 -9999 -9999 -9999 -9999 -9999 -9999 -9999 -9999 -9999 -9999 -9999 -9999 -9999 -9999 -9999 -9999 -9999 -9999 -9999 -9999 -9999 -9999 -9999 -9999 -9999 7 7 18 7 14 15 17 4 4 3 19 29 69 48 58 64 49 44 36 55 54 57 58 62 49 71 71 72 111 117 118 117 117 117 117 116 117 116 115 96 94 105 116 141 132 122 124 123 123 82 117 68 73 80 90 28 30
-9999 -9999 -9999 -9999 -9999 -9999 -9999 -9999 -9999 -9999 -9999 -9999 -9999 -9999 -9999 -9999 -9999 -9999 -9999 -9999 -9999 -9999 -9999 -9999 -9999 -9999 -9999 -9999 -9999 -9999 7 7 7 18 19 22 2 4 47 75 73 44 58 58 50 51 42 34 41 48 63 56 50 53 70 82 115 117 117 117 117 117 117 117 117 95 89 82 99 94 118 125 126 135 134 119 122 80 78 74 64 60 90 54 44
-9999 -9999 -9999 -9999 -9999 -9999 -9999 -9999 -9999 -9999 -9999 -9999 -9999 -9999 -9999 -9999 -9999 -9999 -9999 -9999 -9999 -9999 -9999 -9999 -9999 -9999 -9999 -9999 -9999 -9999 -9999 8 7 17 20 16 14 46 63 81 84 58 56 57 51 52 49 41 35 45 48 49 49 49 70 96 117 116 117 117 117 117 117 115 117 83 74 85 104 113 118 123 123 123 124 124 117 85 69 73 74 119 77 74 82
-9999 -9999 -9999 -9999 -9999 -9999 -9999 -9999 -9999 -9999 -9999 -9999 -9999 -9999 -9999 -9999 -9999 -9999 -9999 -9999 -9999 -9999 -9999 -9999 -9999 -9999 -9999 -9999 -9999 -9999 -9999 -9999 8 15 18 6 60 38 89 120 116 99 70 50 41 52 49 41 41 44 47 50 47 48 65 70 110 117 117 117 117 118 118 118 116 98 94 89 104 117 117 117 123 123 117 118 119 111 119 67 66 83 82 77 76
-9999 -9999 -9999 -9999 -9999 -9999 -9999 -9999 -9999 -9999 -9999 -9999 -9999 -9999 -9999 -9999 -9999 -9999 -9999 -9999 -9999 -9999 -9999 -9999 -9999 -9999 -9999 -9999 -9999 -9999 -9999 -9999 -9999 -9999 6 16 18 47 110 116 117 121 115 68 48 44 45 45 45 43 41 50 44 52 61 71 72 89 114 117 114 96 92 93 98 107 111 112 108 115 117 115 116 117 116 116 116 129 115 76 87 82 77 73 72
-9999 -9999 -9999 -9999 -9999 -9999 -9999 -9999 -9999 -9999 -9999 -9999 -9999 -9999 -9999 -9999 -9999 -9999 -9999 -9999 -9999 -9999 -9999 -9999 -9999 -9999 -9999 -9999 -9999 -9999 -9999 -9999 -9999 -9999 -9999 9 44 66 115 117 117 118 118 103 83 50 46 49 51 45 46 44 52 52 67 47 44 62 101 116 115 90 72 72 97 104 102 108 91 93 96 116 116 117 117 117 116 114 91 80 78 79 87 86 70
-9999 -9999 -9999 -9999 -9999 -9999 -9999 -9999 -9999 -9999 -9999 -9999 -9999 -9999 -9999 -9999 -9999 -9999 -9999 -9999 -9999 -9999 -9999 -9999 -9999 -9999 -9999 -9999 -9999 -9999 -9999 -9999 -9999 -9999 -9999 -9999 -9999 73 117 118 118 119 118 117 106 81 57 42 42 43 59 48 65 72 67 61 48 61 88 117 116 96 71 71 90 100 118 107 92 75 74 114 116 116 117 118 116 116 145 165 111 75 70 98 99
-9999 -9999 -9999 -9999 -9999 -9999 -9999 -9999 -9999 -9999 -9999 -9999 -9999 -9999 -9999 -9999 -9999 -9999 -9999 -9999 -9999 -9999 -9999 -9999 -9999 -9999 -9999 -9999 -9999 -9999 -9999 -9999 -9999 -9999 -9999 -9999 -9999 -9999 118 114 95 97 118 117 117 113 78 51 66 76 64 71 82 114 108 92 62 73 110 116 116 115 90 83 84 110 101 106 87 79 79 84 101 99 117 117 116 136 122 142 167 88 78 98 95
-9999 -9999 -9999 -9999 -9999 -9999 -9999 -9999 -9999 -9999 -9999 -9999 -9999 -9999 -9999 -9999 -9999 -9999 -9999 -9999 -9999 -9999 -9999 -9999 -9999 -9999 -9999 -9999 -9999 -9999 -9999 -9999 -9999 -9999 -9999 -9999 -9999 -9999 -9999 -9999 109 92 97 115 116 115 105 93 83 72 72 94 117 110 121 100 105 108 119 115 115 114 114 115 100 113 114 116 83 66 75 87 105 105 117 117 116 137 129 116 131 155 92 100 76
-9999 -9999 -9999 -9999 -9999 -9999 -9999 -9999 -9999 -9999 -9999 -9999 -9999 -9999 -9999 -9999 -9999 -9999 -9999 -9999 -9999 -9999 -9999 -9999 -9999 -9999 -9999 -9999 -9999 -9999 -9999 -9999 -9999 -9999 -9999 -9999 -9999 -9999 -9999 -9999 -9999 113 91 88 95 115 114 104 90 92 96 115 106 131 93 100 117 108 116 114 114 113 113 133 107 113 122 134 86 75 67 132 124 125 121 112 116 107 119 119 113 164 118 96 80
-9999 -9999 -9999 -9999 -9999 -9999 -9999 -9999 -9999 -9999 -9999 -9999 -9999 -9999 -9999 -9999 -9999 -9999 -9999 -9999 -9999 -9999 -9999 -9999 -9999 -9999 -9999 -9999 -9999 -9999 -9999 -9999 -9999 -9999 -9999 -9999 -9999 -9999 -9999 -9999 -9999 -9999 -9999 90 94 117 119 116 115 115 114 115 95 66 93 134 121 138 115 114 115 156 165 143 134 131 128 116 130 132 135 119 136 136 138 136 104 120 125 123 118 158 165 93 82
-9999 -9999 -9999 -9999 -9999 -9999 -9999 -9999 -9999 -9999 -9999 -9999 -9999 -9999 -9999 -9999 -9999 -9999 -9999 -9999 -9999 -9999 -9999 -9999 -9999 -9999 -9999 -9999 -9999 -9999 -9999 -9999 -9999 -9999 -9999 -9999 -9999 -9999 -9999 -9999 -9999 -9999 -9999 -9999 116 118 119 116 116 117 117 115 95 61 131 136 116 138 132 124 158 146 159 177 141 153 131 133 139 127 120 118 119 129 138 139 123 123 122 118 119 133 150 135 85
-9999 -9999 -9999 -9999 -9999 -9999 -9999 -9999 -9999 -9999 -9999 -9999 -9999 -9999 -9999 -9999 -9999 -9999 -9999 -9999 -9999 -9999 -9999 -9999 -9999 -9999 -9999 -9999 -9999 -9999 -9999 -9999 -9999 -9999 -9999 -9999 -9999 -9999 -9999 -9999 -9999 -9999 -9999 -9999 -9999 -9999 112 93 113 123 124 116 115 106 163 145 122 135 129 115 144 163 171 142 169 156 148 140 119 118 117 117 132 135 124 150 140 130 130 146 147 120 132 125 113
-9999 -9999 -9999 -9999 -9999 -9999 -9999 -9999 -9999 -9999 -9999 -9999 -9999 -9999 -9999 -9999 -9999 -9999 -9999 -9999 -9999 -9999 -9999 -9999 -9999 -9999 -9999 -9999 -9999 -9999 -9999 -9999 -9999 -9999 -9999 -9999 -9999 -9999 -9999 -9999 -9999 -9999 -9999 -9999 -9999 -9999 -9999 98 105 113 110 105 118 116 120 147 138 150 133 135 145 170 168 187 167 165 160 149 112 130 132 137 135 133 114 138 147 147 136 136 129 138 131 142 164
-9999 -9999 -9999 -9999 -9999 -9999 -9999 -9999 -9999 -9999 -9999 -9999 -9999 -9999 -9999 -9999 -9999 -9999 -9999 -9999 -9999 -9999 -9999 -9999 -9999 -9999 -9999 -9999 -9999 -9999 -9999 -9999 -9999 -9999 -9999 -9999 -9999 -9999 -9999 -9999 -9999 -9999 -9999 -9999 -9999 -9999 -9999 -9999 94 94 110 116 116 116 139 142 150 136 131 113 124 122 124 172 158 170 171 159 142 137 150 134 116 118 132 124 139 139 139 126 134 142 123 118 114
-9999 -9999 -9999 -9999 -9999 -9999 -9999 -9999 -9999 -9999 -9999 -9999 -9999 -9999 -9999 -9999 -9999 -9999 -9999 -9999 -9999 -9999 -9999 -9999 -9999 -9999 -9999 -9999 -9999 -9999 -9999 -9999 -9999 -9999 -9999 -9999 -9999 -9999 -9999 -9999 -9999 -9999 -9999 -9999 -9999 -9999 -9999 -9999 -9999 112 104 109 116 116 115 142 123 132 147 146 166 142 128 166 154 171 167 143 128 129 119 97 112 112 132 132 136 133 135 115 112 106 123 118 115
-9999 -9999 -9999 -9999 -9999 -9999 -9999 -9999 -9999 -9999 -9999 -9999 -9999 -9999 -9999 -9999 -9999 -9999 -9999 -9999 -9999 -9999 -9999 -9999 -9999 -9999 -9999 -9999 -9999 -9999 -9999 -9999 -9999 -9999 -9999 -9999 -9999 -9999 -9999 -9999 -9999 -9999 -9999 -9999 -9999 -9999 -9999 -9999 -9999 -9999 -9999 93 116 115 115 114 115 120 133 146 152 154 148 154 166 173 179 160 136 135 64 64 124 99 83 107 117 144 131 138 119 111 123 116 149
-9999 -9999 -9999 -9999 -9999 -9999 -9999 -9999 -9999 -9999 -9999 -9999 -9999 -9999 -9999 -9999 -9999 -9999 -9999 -9999 -9999 -9999 -9999 -9999 -9999 -9999 -9999 -9999 -9999 -9999 -9999 -9999 -9999 -9999 -9999 -9999 -9999 -9999 -9999 -9999 -9999 -9999 -9999 -9999 -9999 -9999 -9999 -9999 -9999 -9999 -9999 -9999 116 115 116 97 87 105 131 144 152 177 174 162 165 169 161 173 165 151 83 82 100 138 102 103 72 82 64 107 123 144 139 118 140
-9999 -9999 -9999 -9999 -9999 -9999 -9999 -9999 -9999 -9999 -9999 -9999 -9999 -9999 -9999 -9999 -9999 -9999 -9999 -9999 -9999 -9999 -9999 -9999 -9999 -9999 -9999 -9999 -9999 -9999 -9999 -9999 -9999 -9999 -9999 -9999 -9999 -9999 -9999 -9999 -9999 -9999 -9999 -9999 -9999 -9999 -9999 -9999 -9999 -9999 -9999 -9999 -9999 116 116 96 93 134 142 158 163 172 169 169 148 156 170 178 156 142 91 106 86 94 85 79 88 55 97 55 66 82 105 138 150
-9999 -9999 -9999 -9999 -9999 -9999 -9999 -9999 -9999 -9999 -9999 -9999 -9999 -9999 -9999 -9999 -9999 -9999 -9999 -9999 -9999 -9999 -9999 -9999 -9999 -9999 -9999 -9999 -9999 -9999 -9999 -9999 -9999 -9999 -9999 -9999 -9999 -9999 -9999 -9999 -9999 -9999 -9999 -9999 -9999 -9999 -9999 -9999 -9999 -9999 -9999 -9999 -9999 -9999 111 93 104 111 136 173 179 174 187 171 138 139 157 165 153 140 97 69 96 127 100 77 70 64 48 76 78 79 85 103 157
-9999 -9999 -9999 -9999 -9999 -9999 -9999 -9999 -9999 -9999 -9999 -9999 -9999 -9999 -9999 -9999 -9999 -9999 -9999 -9999 -9999 -9999 -9999 -9999 -9999 -9999 -9999 -9999 -9999 -9999 -9999 -9999 -9999 -9999 -9999 -9999 -9999 -9999 -9999 -9999 -9999 -9999 -9999 -9999 -9999 -9999 -9999 -9999 -9999 -9999 -9999 -9999 -9999 -9999 -9999 99 122 120 115 172 171 178 187 178 168 168 162 154 166 135 89 100 135 118 152 75 89 74 71 72 81 108 79 111 107
-9999 -9999 -9999 -9999 -9999 -9999 -9999 -9999 -9999 -9999 -9999 -9999 -9999 -9999 -9999 -9999 -9999 -9999 -9999 -9999 -9999 -9999 -9999 -9999 -9999 -9999 -9999 -9999 -9999 -9999 -9999 -9999 -9999 -9999 -9999 -9999 -9999 -9999 -9999 -9999 -9999 -9999 -9999 -9999 -9999 -9999 -9999 -9999 -9999 -9999 -9999 -9999 -9999 -9999 -9999 -9999 106 100 131 144 166 158 161 163 169 172 169 157 169 170 88 114 93 89 147 69 67 85 70 81 77 71 72 76 77
-9999 -9999 -9999 -9999 -9999 -9999 -9999 -9999 -9999 -9999 -9999 -9999 -9999 -9999 -9999 -9999 -9999 -9999 -9999 -9999 -9999 -9999 -9999 -9999 -9999 -9999 -9999 -9999 -9999 -9999 -9999 -9999 -9999 -9999 -9999 -9999 -9999 -9999 -9999 -9999 -9999 -9999 -9999 -9999 -9999 -9999 -9999 -9999 -9999 -9999 -9999 -9999 -9999 -9999 -9999 -9999 -9999 121 126 118 174 156 128 132 139 130 140 159 165 154 89 98 93 93 142 73 70 75 83 82 74 73 72 73 91
-9999 -9999 -9999 -9999 -9999 -9999 -9999 -9999 -9999 -9999 -9999 -9999 -9999 -9999 -9999 -9999 -9999 -9999 -9999 -9999 -9999 -9999 -9999 -9999 -9999 -9999 -9999 -9999 -9999 -9999 -9999 -9999 -9999 -9999 -9999 -9999 -9999 -9999 -9999 -9999 -9999 -9999 -9999 -9999 -9999 -9999 -9999 -9999 -9999 -9999 -9999 -9999 -9999 -9999 -9999 -9999 -9999 -9999 94 137 141 150 138 60 60 102 137 126 130 134 66 67 115 120 146 73 69 73 72 80 74 79 92 76 70
-9999 -9999 -9999 -9999 -9999 -9999 -9999 -9999 -9999 -9999 -9999 -9999 -9999 -9999 -9999 -9999 -9999 -9999 -9999 -9999 -9999 -9999 -9999 -9999 -9999 -9999 -9999 -9999 -9999 -9999 -9999 -9999 -9999 -9999 -9999 -9999 -9999 -9999 -9999 -9999 -9999 -9999 -9999 -9999 -9999 -9999 -9999 -9999 -9999 -9999 -9999 -9999 -9999 -9999 -9999 -9999 -9999 -9999 -9999 145 133 125 118 63 64 113 129 125 141 120 110 76 75 123 144 69 71 75 89 69 69 75 81 78 85
-9999 -9999 -9999 -9999 -9999 -9999 -9999 -9999 -9999 -9999 -9999 -9999 -9999 -9999 -9999 -9999 -9999 -9999 -9999 -9999 -9999 -9999 -9999 -9999 -9999 -9999 -9999 -9999 -9999 -9999 -9999 -9999 -9999 -9999 -9999 -9999 -9999 -9999 -9999 -9999 -9999 -9999 -9999 -9999 -9999 -9999 -9999 -9999 -9999 -9999 -9999 -9999 -9999 -9999 -9999 -9999 -9999 -9999 -9999 -9999 107 125 111 121 96 125 111 139 136 67 66 79 136 86 130 105 97 94 82 59 85 89 68 79 72
-9999 -9999 -9999 -9999 -9999 -9999 -9999 -9999 -9999 -9999 -9999 -9999 -9999 -9999 -9999 -9999 -9999 -9999 -9999 -9999 -9999 -9999 -9999 -9999 -9999 -9999 -9999 -9999 -9999 -9999 -9999 -9999 -9999 -9999 -9999 -9999 -9999 -9999 -9999 -9999 -9999 -9999 -9999 -9999 -9999 -9999 -9999 -9999 -9999 -9999 -9999 -9999 -9999 -9999 -9999 -9999 -9999 -9999 -9999 -9999 -9999 115 126 103 99 96 104 111 121 125 87 75 108 76 77 109 89 60 60 60 92 137 87 77 73
-9999 -9999 -9999 -9999 -9999 -9999 -9999 -9999 -9999 -9999 -9999 -9999 -9999 -9999 -9999 -9999 -9999 -9999 -9999 -9999 -9999 -9999 -9999 -9999 -9999 -9999 -9999 -9999 -9999 -9999 -9999 -9999 -9999 -9999 -9999 -9999 -9999 -9999 -9999 -9999 -9999 -9999 -9999 -9999 -9999 -9999 -9999 -9999 -9999 -9999 -9999 -9999 -9999 -9999 -9999 -9999 -9999 -9999 -9999 -9999 -9999 -9999 76 75 93 93 86 97 111 97 65 78 84 70 68 115 125 126 113 94 72 129 90 77 77
-9999 -9999 -9999 -9999 -9999 -9999 -9999 -9999 -9999 -9999 -9999 -9999 -9999 -9999 -9999 -9999 -9999 -9999 -9999 -9999 -9999 -9999 -9999 -9999 -9999 -9999 -9999 -9999 -9999 -9999 -9999 -9999 -9999 -9999 -9999 -9999 -9999 -9999 -9999 -9999 -9999 -9999 -9999 -9999 -9999 -9999 -9999 -9999 -9999 -9999 -9999 -9999 -9999 -9999 -9999 -9999 -9999 -9999 -9999 -9999 -9999 -9999 -9999 76 76 87 95 91 127 119 114 76 73 53 100 79 96 85 78 92 59 77 78 75 76
-9999 -9999 -9999 -9999 -9999 -9999 -9999 -9999 -9999 -9999 -9999 -9999 -9999 -9999 -9999 -9999 -9999 -9999 -9999 -9999 -9999 -9999 -9999 -9999 -9999 -9999 -9999 -9999 -9999 -9999 -9999 -9999 -9999 -9999 -9999 -9999 -9999 -9999 -9999 -9999 -9999 -9999 -9999 -9999 -9999 -9999 -9999 -9999 -9999 -9999 -9999 -9999 -9999 -9999 -9999 -9999 -9999 -9999 -9999 -9999 -9999 -9999 -9999 -9999 88 117 67 67 91 112 88 73 68 66 74 76 126 153 153 58 61 76 75 75 74
