example_catchment/sve_example_catchment_bm_manty_juuret.asc
ncols         139
nrows         162
xllcorner     572256
yllcorner     7071344
cellsize      16
NODATA_value  -9999
[rows 37 to 73 of 162, columns 0 to 82 of 139]
-9999 -9999 -9999 -9999 -9999 -9999 -9999 -9999 -9999 -9999 -9999 0 0 0 0 0 0 0 191 600 398 815 882 484 467 355 318 475 462 636 815 880 805 748 500 730 1307 1261 794 821 786 605 700 788 967 822 -9999 -9999 -9999 -9999 -9999 -9999 -9999 -9999 -9999 -9999 -9999 -9999 -9999 -9999 -9999 -9999 -9999 -9999 -9999 -9999 -9999 -9999 -9999 -9999 -9999 -9999 -9999 -9999 -9999 -9999 -9999 -9999 -9999 -9999 -9999 -9999 -9999
-9999 -9999 -9999 -9999 -9999 -9999 -9999 -9999 -9999 -9999 0 0 0 0 0 0 0 0 349 579 861 986 722 816 438 355 603 659 366 205 489 736 1031 1542 940 917 1279 1486 1255 867 636 1196 1082 1066 1053 883 716 -9999 -9999 -9999 -9999 -9999 -9999 -9999 -9999 -9999 -9999 -9999 -9999 -9999 -9999 -9999 -9999 -9999 -9999 -9999 -9999 -9999 -9999 -9999 -9999 -9999 -9999 -9999 -9999 -9999 -9999 -9999 -9999 -9999 -9999 -9999 -9999
-9999 -9999 -9999 -9999 -9999 -9999 -9999 -9999 -9999 0 0 0 0 0 0 0 0 0 257 270 617 786 541 561 338 467 439 442 320 436 498 412 660 797 1040 1181 1259 1071 1179 459 358 345 982 781 1307 467 386 1062 -9999 -9999 -9999 -9999 -9999 -9999 -9999 -9999 -9999 -9999 -9999 -9999 -9999 -9999 -9999 -9999 -9999 -9999 -9999 -9999 -9999 -9999 -9999 -9999 -9999 -9999 -9999 -9999 -9999 -9999 -9999 -9999 -9999 -9999 -9999
-9999 -9999 -9999 -9999 -9999 -9999 -9999 -9999 -9999 0 0 0 0 0 0 0 0 0 43 83 439 343 655 527 443 226 394 721 763 312 272 235 515 361 751 985 439 320 165 142 150 289 512 482 1182 405 434 372 1014 -9999 -9999 -9999 -9999 -9999 -9999 -9999 -9999 -9999 -9999 -9999 -9999 -9999 -9999 -9999 -9999 -9999 -9999 -9999 -9999 -9999 -9999 -9999 -9999 -9999 -9999 -9999 -9999 -9999 -9999 -9999 -9999 -9999 -9999
-9999 -9999 -9999 -9999 -9999 -9999 -9999 -9999 0 0 0 0 0 0 0 0 0 0 0 51 99 480 345 437 526 263 477 451 549 312 120 24 81 407 580 938 418 227 203 182 233 383 347 1268 978 1317 1022 750 908 962 -9999 -9999 -9999 -9999 -9999 -9999 -9999 -9999 -9999 -9999 -9999 -9999 -9999 -9999 -9999 -9999 -9999 -9999 -9999 -9999 -9999 -9999 -9999 -9999 -9999 -9999 -9999 -9999 -9999 -9999 -9999 -9999 -9999
-9999 -9999 -9999 -9999 -9999 -9999 -9999 63 0 0 0 0 0 0 0 0 0 0 0 0 0 256 157 267 755 601 726 461 779 516 297 250 30 30 30 536 831 252 194 187 136 394 460 1544 925 1146 1086 1055 629 1473 926 780 -9999 -9999 -9999 -9999 -9999 -9999 -9999 -9999 -9999 -9999 -9999 -9999 -9999 -9999 -9999 -9999 -9999 -9999 -9999 -9999 -9999 -9999 -9999 -9999 -9999 -9999 -9999 -9999 -9999 -9999 -9999
-9999 -9999 -9999 -9999 -9999 -9999 195 7 55 0 0 0 0 0 0 0 0 0 0 0 0 0 181 473 495 790 745 572 539 540 338 381 99 32 13 132 517 1000 440 211 269 335 459 418 1361 1531 1182 1072 1303 934 1000 1123 910 -9999 -9999 -9999 -9999 -9999 -9999 -9999 -9999 -9999 -9999 -9999 -9999 -9999 -9999 -9999 -9999 -9999 -9999 -9999 -9999 -9999 -9999 -9999 -9999 -9999 -9999 -9999 -9999 -9999 -9999
-9999 -9999 -9999 -9999 -9999 441 337 182 58 0 0 0 0 0 0 0 0 0 0 0 0 0 0 176 248 328 591 816 422 596 746 788 528 430 531 532 516 856 709 449 347 242 284 380 572 1168 1216 1186 720 682 900 1115 821 972 -9999 -9999 -9999 -9999 -9999 -9999 -9999 -9999 -9999 -9999 -9999 -9999 -9999 -9999 -9999 -9999 -9999 -9999 -9999 -9999 -9999 -9999 -9999 -9999 -9999 -9999 -9999 -9999 -9999
-9999 -9999 -9999 -9999 924 700 631 183 134 83 0 0 0 0 0 0 0 0 0 0 0 0 0 0 117 78 289 689 863 1081 518 701 697 791 773 589 658 644 586 763 645 349 218 198 462 462 1234 1070 1000 815 760 1122 1050 990 958 977 -9999 -9999 -9999 -9999 -9999 -9999 -9999 -9999 -9999 -9999 -9999 -9999 -9999 -9999 -9999 -9999 -9999 -9999 -9999 -9999 -9999 -9999 -9999 -9999 -9999 -9999 -9999
-9999 -9999 -9999 665 711 772 780 300 189 77 127 455 0 0 0 0 0 0 0 0 0 0 0 0 0 350 517 470 969 834 182 888 824 672 780 1045 680 530 313 420 670 1291 611 1005 1083 432 394 1122 664 1302 931 788 1321 1001 944 1029 1243 -9999 -9999 -9999 -9999 -9999 -9999 -9999 -9999 -9999 -9999 -9999 -9999 -9999 -9999 -9999 -9999 -9999 -9999 -9999 -9999 -9999 -9999 -9999 -9999 -9999 -9999
-9999 -9999 -9999 333 1098 450 726 603 448 406 630 834 617 475 0 0 0 0 0 0 0 0 0 0 452 513 945 666 603 549 974 530 614 461 520 1016 807 752 659 496 414 1199 952 1566 1077 1257 436 485 689 1415 789 1097 1083 642 951 883 1216 796 -9999 -9999 -9999 -9999 -9999 -9999 -9999 -9999 -9999 -9999 -9999 -9999 -9999 -9999 -9999 -9999 -9999 -9999 -9999 -9999 -9999 -9999 -9999 -9999 -9999
-9999 -9999 -9999 238 660 676 593 624 616 874 589 467 363 171 735 277 0 0 0 0 0 0 196 531 380 940 687 523 636 751 441 761 224 161 11 172 550 462 188 367 356 391 718 1208 1353 724 1280 937 1235 1315 590 796 908 1001 502 916 750 877 1033 -9999 -9999 -9999 -9999 -9999 -9999 -9999 -9999 -9999 -9999 -9999 -9999 -9999 -9999 -9999 -9999 -9999 -9999 -9999 -9999 -9999 -9999 -9999 -9999
-9999 372 119 -9999 675 494 1423 1249 1042 623 690 704 889 813 257 708 667 552 536 346 519 495 1098 914 919 571 517 911 159 342 179 268 582 290 81 174 353 403 616 219 202 355 407 964 1136 1269 1319 1133 1300 1059 941 555 848 856 1275 728 939 1055 973 1230 -9999 -9999 -9999 -9999 -9999 -9999 -9999 -9999 -9999 -9999 -9999 -9999 -9999 -9999 -9999 -9999 -9999 -9999 -9999 -9999 -9999 -9999 -9999
-9999 338 145 655 223 -9999 593 345 365 316 160 329 770 876 460 458 965 179 330 871 670 719 693 1056 1023 560 473 460 358 215 470 319 135 82 0 0 75 437 566 581 725 563 570 425 1065 1157 1260 1463 1563 1004 1058 1208 855 1008 976 960 656 508 827 1163 688 -9999 -9999 -9999 -9999 -9999 -9999 -9999 -9999 -9999 -9999 -9999 -9999 -9999 -9999 -9999 -9999 -9999 -9999 -9999 -9999 -9999 -9999
745 273 203 288 636 1139 500 -9999 306 213 405 349 410 560 664 1052 401 773 457 467 508 448 293 748 550 577 453 -9999 786 330 17 702 252 145 176 80 82 210 757 693 1035 795 466 691 1271 1089 1182 1214 789 736 876 1315 912 837 1066 630 989 1271 1176 1135 1049 502 -9999 -9999 -9999 -9999 -9999 -9999 -9999 -9999 -9999 -9999 -9999 -9999 -9999 -9999 -9999 -9999 -9999 -9999 -9999 -9999 -9999
693 608 101 336 761 754 761 666 167 -9999 -9999 199 275 137 197 408 399 1057 815 365 478 325 394 1264 727 -9999 153 1304 1014 -9999 639 602 324 369 616 115 77 1054 340 295 670 941 893 1017 898 861 790 1003 1246 1236 1162 734 1140 940 974 1019 1023 1378 901 1216 902 865 622 -9999 -9999 -9999 -9999 -9999 -9999 -9999 -9999 -9999 -9999 -9999 -9999 -9999 -9999 -9999 -9999 -9999 -9999 -9999 -9999
342 410 284 385 920 547 392 906 567 931 333 444 -9999 -9999 -9999 809 400 465 111 550 597 179 390 517 -9999 646 557 364 513 618 764 -9999 479 239 327 425 289 363 406 474 1035 1015 824 685 648 942 535 888 713 1004 948 691 855 980 884 327 318 478 484 706 952 836 745 1164 -9999 -9999 -9999 -9999 -9999 -9999 -9999 -9999 -9999 -9999 -9999 -9999 -9999 -9999 -9999 -9999 -9999 -9999 -9999
-9999 528 261 572 194 1107 628 706 586 578 810 1026 605 552 134 799 106 -9999 -9999 -9999 358 419 261 -9999 474 554 191 342 358 632 775 737 432 -9999 -9999 694 146 87 145 342 1140 480 875 771 791 1074 722 812 1165 796 1311 1073 1081 837 685 324 1099 857 877 963 244 263 546 1345 1216 -9999 -9999 -9999 -9999 -9999 -9999 -9999 -9999 -9999 -9999 -9999 -9999 -9999 -9999 -9999 -9999 -9999 -9999
-9999 365 388 508 458 477 1144 1436 694 746 968 892 978 679 419 455 379 220 951 432 715 1009 683 750 964 445 631 681 666 303 640 671 275 145 1173 -9999 -9999 398 194 331 591 156 439 912 719 1054 1352 924 850 636 884 926 1044 382 758 737 993 747 879 855 499 373 1039 1025 1330 863 -9999 -9999 -9999 -9999 -9999 -9999 -9999 -9999 -9999 -9999 -9999 -9999 -9999 -9999 -9999 -9999 -9999
-9999 446 410 646 716 231 810 1061 1526 1557 1765 880 1036 483 462 346 465 238 167 445 839 999 1054 1024 1204 589 448 724 637 642 493 311 300 160 69 136 93 422 -9999 -9999 1284 946 172 458 1069 895 744 864 503 776 850 565 466 840 542 802 779 1161 802 558 667 864 963 834 1048 498 338 -9999 -9999 -9999 -9999 -9999 -9999 -9999 -9999 -9999 -9999 -9999 -9999 -9999 -9999 -9999 -9999
-9999 -9999 436 357 420 529 464 680 996 787 643 657 566 515 585 558 536 121 101 222 906 780 660 1009 917 1320 749 786 785 207 262 347 310 32 30 90 353 326 288 330 1272 445 577 827 1241 856 880 931 524 515 567 677 474 841 769 408 650 1206 936 1027 967 949 941 952 560 564 570 588 -9999 -9999 -9999 -9999 -9999 -9999 -9999 -9999 -9999 -9999 -9999 -9999 -9999 -9999 -9999
-9999 -9999 -9999 1032 1099 572 562 992 1008 606 545 539 522 288 948 1004 720 658 586 624 1225 796 844 1066 1045 854 1221 537 555 235 178 36 45 25 33 0 29 371 20 319 110 56 144 483 645 960 1097 894 674 552 222 837 867 1192 914 903 1930 1267 1050 856 988 721 387 403 157 292 527 441 684 -9999 -9999 -9999 -9999 -9999 -9999 -9999 -9999 -9999 -9999 -9999 -9999 -9999 -9999
-9999 -9999 -9999 1698 1751 962 585 1022 1042 978 571 569 474 393 1062 1003 391 631 303 842 722 953 871 1013 1011 827 827 1209 885 550 356 105 231 0 33 33 28 35 84 402 336 100 146 660 466 556 619 793 689 346 394 1079 887 1239 951 878 847 1148 1370 1092 672 341 514 748 176 530 410 519 846 901 -9999 -9999 -9999 -9999 -9999 -9999 -9999 -9999 -9999 -9999 -9999 -9999 -9999
-9999 -9999 -9999 -9999 1347 731 994 1019 571 597 944 1035 1082 1184 969 614 991 753 201 323 917 940 843 854 748 739 831 949 579 496 204 208 166 40 106 30 36 0 85 82 53 0 98 186 512 346 698 872 868 775 818 865 786 747 826 684 852 1341 706 514 327 700 86 156 141 928 552 696 982 1273 1169 -9999 -9999 -9999 -9999 -9999 -9999 -9999 -9999 -9999 -9999 -9999 -9999
-9999 -9999 -9999 -9999 -9999 892 570 774 661 651 572 458 644 541 1030 798 618 618 660 165 958 919 705 600 594 717 728 325 786 988 508 465 549 413 199 0 0 84 45 41 32 0 46 20 29 233 733 575 983 720 819 829 809 839 740 1077 1063 575 529 510 814 280 79 203 250 776 636 690 851 901 807 1045 -9999 -9999 -9999 -9999 -9999 -9999 -9999 -9999 -9999 -9999 -9999
-9999 -9999 -9999 -9999 -9999 -9999 413 536 556 618 659 558 468 668 914 1252 733 772 476 476 549 983 583 780 875 827 691 323 298 986 837 947 668 192 444 70 30 87 223 48 35 27 0 173 177 64 123 183 628 654 837 608 733 571 419 880 1242 1008 1101 568 703 102 141 247 148 163 178 117 655 1239 1392 804 848 -9999 -9999 -9999 -9999 -9999 -9999 -9999 -9999 -9999 -9999
-9999 -9999 -9999 -9999 -9999 -9999 -9999 956 956 683 627 575 850 1147 847 906 541 423 994 291 852 918 889 672 857 847 742 698 661 990 846 1053 317 579 257 59 32 49 87 91 28 0 0 0 58 0 0 91 517 935 570 629 479 433 478 469 424 759 558 788 677 108 112 41 171 0 134 240 454 498 683 619 801 936 -9999 -9999 -9999 -9999 -9999 -9999 -9999 -9999 -9999
-9999 -9999 -9999 -9999 -9999 -9999 -9999 -9999 482 988 647 571 976 920 889 769 792 539 938 925 82 984 925 652 724 1224 919 871 691 709 936 929 496 384 34 346 74 0 0 0 29 27 61 0 0 35 0 0 326 1067 218 895 691 746 469 457 750 704 700 718 960 743 1096 790 839 195 34 328 316 311 417 940 1030 981 881 -9999 -9999 -9999 -9999 -9999 -9999 -9999 -9999
-9999 -9999 -9999 -9999 -9999 -9999 -9999 -9999 -9999 952 641 586 896 904 1140 931 973 1291 423 801 762 248 245 219 353 565 859 698 825 605 732 506 61 814 125 460 129 31 30 30 24 81 341 157 0 36 0 0 539 1171 276 147 574 685 432 451 524 690 649 653 751 325 344 233 681 1062 10 261 21 202 579 669 1214 975 686 880 -9999 -9999 -9999 -9999 -9999 -9999 -9999
-9999 -9999 -9999 -9999 -9999 -9999 -9999 -9999 -9999 955 1108 616 893 969 814 911 785 982 1205 634 1801 899 669 240 295 391 620 737 279 0 600 717 659 382 1097 434 278 29 33 29 28 234 199 271 0 31 0 0 521 751 358 232 274 646 679 819 783 802 743 664 754 552 437 328 679 741 194 635 117 93 30 746 722 890 997 1190 -9999 -9999 -9999 -9999 -9999 -9999 -9999
-9999 -9999 -9999 -9999 -9999 -9999 -9999 -9999 -9999 -9999 1091 619 973 804 778 790 629 772 732 638 1768 1608 1574 283 521 881 1000 677 839 247 92 165 859 415 311 356 40 81 66 0 0 0 0 0 0 0 0 219 1197 406 245 354 398 432 600 691 855 829 874 927 792 641 497 410 964 744 11 519 305 15 14 224 200 1093 1301 918 473 -9999 -9999 -9999 -9999 -9999 -9999
-9999 -9999 -9999 -9999 -9999 -9999 -9999 -9999 -9999 -9999 -9999 754 573 1086 1049 479 672 701 955 914 551 1369 774 970 1186 494 469 698 735 366 0 0 390 642 474 729 383 369 163 0 0 0 0 0 0 0 0 521 460 428 372 421 443 563 422 774 852 806 956 905 884 755 665 559 541 936 990 622 307 10 176 15 198 442 908 738 710 450 -9999 -9999 -9999 -9999 -9999
-9999 -9999 -9999 -9999 -9999 -9999 -9999 -9999 -9999 -9999 -9999 -9999 808 1235 575 394 643 697 781 1296 958 1173 1269 714 673 866 382 398 389 955 56 0 780 460 852 912 538 452 285 227 0 0 0 0 0 0 284 804 241 452 236 243 246 327 227 203 566 747 837 818 864 750 803 832 855 337 463 179 424 107 10 13 8 166 638 580 611 444 -9999 -9999 -9999 -9999 -9999
-9999 -9999 -9999 -9999 -9999 -9999 -9999 -9999 -9999 -9999 -9999 -9999 -9999 999 477 625 286 603 694 496 661 453 646 176 156 523 766 823 442 585 0 371 837 313 308 572 1452 835 484 496 0 0 0 0 0 0 412 549 385 444 471 537 532 234 282 268 309 581 724 745 751 730 745 754 751 726 505 751 114 136 12 12 11 255 549 793 731 1141 999 -9999 -9999 -9999 -9999
-9999 -9999 -9999 -9999 -9999 -9999 -9999 -9999 -9999 -9999 -9999 -9999 -9999 -9999 860 850 609 446 1007 699 773 588 1127 689 878 816 698 637 295 332 822 423 669 755 658 451 693 797 825 628 554 188 0 0 0 0 383 667 458 526 473 505 485 503 697 701 515 473 24 850 524 715 725 736 706 738 723 322 960 123 30 11 11 243 222 660 640 840 627 -9999 -9999 -9999 -9999
-9999 -9999 -9999 -9999 -9999 -9999 -9999 -9999 -9999 -9999 -9999 -9999 -9999 -9999 827 857 595 265 1138 1043 785 921 972 732 726 1285 677 642 589 435 767 425 946 853 765 412 871 443 401 716 637 594 35 0 0 0 217 682 424 424 420 419 361 352 354 489 404 357 350 665 78 113 640 789 886 698 534 355 306 156 228 11 11 14 226 580 694 870 1364 1168 -9999 -9999 -9999
-9999 -9999 -9999 -9999 -9999 -9999 -9999 -9999 -9999 -9999 -9999 -9999 -9999 -9999 -9999 722 995 961 289 177 492 793 714 797 982 846 965 688 514 54 1016 316 285 524 306 455 972 751 781 779 909 630 425 0 0 0 0 826 504 305 303 362 276 290 292 284 283 285 275 318 1022 693 22 390 639 405 660 808 443 861 1084 33 63 14 37 205 493 687 823 947 -9999 -9999 -9999
