example_catchment/sve_2_bm_kuusi_neulaset.asc
ncols         139
nrows         162
xllcorner     572256
yllcorner     7071344
cellsize      16
NODATA_value  -9999
[rows 37 to 73 of 162, columns 0 to 81 of 139]
-9999 -9999 -9999 -9999 -9999 -9999 -9999 -9999 -9999 -9999 -9999 0 0 0 0 0 0 0 39 88 23 83 82 367 24 230 188 111 94 95 25 113 335 560 870 707 287 208 182 380 163 240 196 121 120 375 -9999 -9999 -9999 -9999 -9999 -9999 -9999 -9999 -9999 -9999 -9999 -9999 -9999 -9999 -9999 -9999 -9999 -9999 -9999 -9999 -9999 -9999 -9999 -9999 -9999 -9999 -9999 -9999 -9999 -9999 -9999 -9999 -9999 -9999 -9999 -9999
-9999 -9999 -9999 -9999 -9999 -9999 -9999 -9999 -9999 -9999 0 0 0 0 0 0 0 0 85 113 196 194 137 191 99 174 21 61 219 242 358 121 216 199 496 501 357 129 541 493 688 160 185 276 170 452 315 -9999 -9999 -9999 -9999 -9999 -9999 -9999 -9999 -9999 -9999 -9999 -9999 -9999 -9999 -9999 -9999 -9999 -9999 -9999 -9999 -9999 -9999 -9999 -9999 -9999 -9999 -9999 -9999 -9999 -9999 -9999 -9999 -9999 -9999 -9999
-9999 -9999 -9999 -9999 -9999 -9999 -9999 -9999 -9999 0 0 0 0 0 0 0 0 0 0 121 32 20 159 229 132 72 28 11 113 93 93 418 408 96 336 419 372 585 638 888 1057 868 333 296 260 371 517 272 -9999 -9999 -9999 -9999 -9999 -9999 -9999 -9999 -9999 -9999 -9999 -9999 -9999 -9999 -9999 -9999 -9999 -9999 -9999 -9999 -9999 -9999 -9999 -9999 -9999 -9999 -9999 -9999 -9999 -9999 -9999 -9999 -9999 -9999
-9999 -9999 -9999 -9999 -9999 -9999 -9999 -9999 -9999 0 0 0 0 0 0 0 0 0 18 0 26 60 113 205 97 79 131 169 47 92 415 447 299 228 322 630 988 901 1011 1031 1014 914 744 695 174 546 652 418 267 -9999 -9999 -9999 -9999 -9999 -9999 -9999 -9999 -9999 -9999 -9999 -9999 -9999 -9999 -9999 -9999 -9999 -9999 -9999 -9999 -9999 -9999 -9999 -9999 -9999 -9999 -9999 -9999 -9999 -9999 -9999 -9999 -9999
-9999 -9999 -9999 -9999 -9999 -9999 -9999 -9999 0 0 0 0 0 0 0 0 0 0 0 14 0 28 34 139 133 68 23 157 92 236 514 628 639 137 439 297 825 984 963 1007 986 866 1059 260 294 175 404 350 302 454 -9999 -9999 -9999 -9999 -9999 -9999 -9999 -9999 -9999 -9999 -9999 -9999 -9999 -9999 -9999 -9999 -9999 -9999 -9999 -9999 -9999 -9999 -9999 -9999 -9999 -9999 -9999 -9999 -9999 -9999 -9999 -9999
-9999 -9999 -9999 -9999 -9999 -9999 -9999 0 0 0 0 0 0 0 0 0 0 0 0 0 0 0 0 130 304 89 0 306 242 291 109 526 405 438 475 357 566 958 945 901 1033 852 888 138 297 197 240 227 324 174 322 205 -9999 -9999 -9999 -9999 -9999 -9999 -9999 -9999 -9999 -9999 -9999 -9999 -9999 -9999 -9999 -9999 -9999 -9999 -9999 -9999 -9999 -9999 -9999 -9999 -9999 -9999 -9999 -9999 -9999 -9999
-9999 -9999 -9999 -9999 -9999 -9999 0 0 0 0 0 0 0 0 0 0 0 0 0 0 0 0 0 0 0 62 0 240 326 321 735 192 603 476 294 227 306 907 775 976 928 1069 893 838 161 141 94 238 111 125 433 261 473 -9999 -9999 -9999 -9999 -9999 -9999 -9999 -9999 -9999 -9999 -9999 -9999 -9999 -9999 -9999 -9999 -9999 -9999 -9999 -9999 -9999 -9999 -9999 -9999 -9999 -9999 -9999 -9999 -9999
-9999 -9999 -9999 -9999 -9999 170 17 0 0 0 0 0 0 0 0 0 0 0 0 0 0 0 0 0 96 0 256 0 253 26 31 527 286 218 212 287 299 476 331 882 1024 962 916 885 671 278 86 256 150 198 147 273 381 338 -9999 -9999 -9999 -9999 -9999 -9999 -9999 -9999 -9999 -9999 -9999 -9999 -9999 -9999 -9999 -9999 -9999 -9999 -9999 -9999 -9999 -9999 -9999 -9999 -9999 -9999 -9999 -9999
-9999 -9999 -9999 -9999 211 200 126 0 0 0 0 0 0 0 0 0 0 0 0 0 0 0 0 0 0 0 146 16 243 107 581 364 939 947 1304 924 360 134 557 316 753 1020 983 1000 667 757 281 211 208 167 238 107 568 408 297 303 -9999 -9999 -9999 -9999 -9999 -9999 -9999 -9999 -9999 -9999 -9999 -9999 -9999 -9999 -9999 -9999 -9999 -9999 -9999 -9999 -9999 -9999 -9999 -9999 -9999 -9999
-9999 -9999 -9999 818 614 410 339 496 43 0 0 0 0 0 0 0 0 0 0 0 0 0 0 0 0 0 65 192 106 208 1093 844 1197 690 485 88 142 359 422 560 434 216 509 698 667 663 701 151 375 250 145 172 402 396 305 243 352 -9999 -9999 -9999 -9999 -9999 -9999 -9999 -9999 -9999 -9999 -9999 -9999 -9999 -9999 -9999 -9999 -9999 -9999 -9999 -9999 -9999 -9999 -9999 -9999 -9999
-9999 -9999 -9999 413 177 651 525 153 79 260 278 123 34 136 0 0 0 0 0 0 0 0 0 0 0 345 261 151 30 290 327 286 284 237 310 197 253 123 309 396 243 208 325 166 426 539 658 562 540 170 325 124 475 510 447 315 331 800 -9999 -9999 -9999 -9999 -9999 -9999 -9999 -9999 -9999 -9999 -9999 -9999 -9999 -9999 -9999 -9999 -9999 -9999 -9999 -9999 -9999 -9999 -9999 -9999
-9999 -9999 -9999 40 223 616 886 723 246 384 290 427 331 443 69 68 0 0 0 0 0 0 0 0 168 14 29 380 511 103 372 335 580 534 655 521 217 290 424 154 268 424 164 288 324 630 436 492 568 152 564 495 127 541 448 313 671 655 549 -9999 -9999 -9999 -9999 -9999 -9999 -9999 -9999 -9999 -9999 -9999 -9999 -9999 -9999 -9999 -9999 -9999 -9999 -9999 -9999 -9999 -9999 -9999
-9999 154 93 -9999 258 231 336 573 342 117 129 224 246 382 679 79 290 319 219 17 58 520 59 0 10 47 397 548 760 390 463 145 121 163 210 501 325 205 324 225 409 198 255 136 235 218 333 401 351 256 300 603 138 171 78 197 275 255 296 283 -9999 -9999 -9999 -9999 -9999 -9999 -9999 -9999 -9999 -9999 -9999 -9999 -9999 -9999 -9999 -9999 -9999 -9999 -9999 -9999 -9999 -9999
-9999 515 179 186 472 -9999 581 379 88 329 144 178 326 122 714 650 85 614 189 186 188 252 187 89 156 403 489 136 61 0 166 172 450 541 727 716 640 273 344 336 204 214 268 203 191 86 84 232 145 268 422 424 135 161 494 106 704 575 364 204 139 -9999 -9999 -9999 -9999 -9999 -9999 -9999 -9999 -9999 -9999 -9999 -9999 -9999 -9999 -9999 -9999 -9999 -9999 -9999 -9999 -9999
309 296 166 468 672 200 83 -9999 126 273 145 92 697 732 735 422 775 424 722 754 624 398 413 399 374 62 250 -9999 111 121 35 420 467 338 309 697 576 580 217 130 88 186 191 135 225 79 79 26 409 639 176 103 329 460 323 491 102 96 247 225 124 201 -9999 -9999 -9999 -9999 -9999 -9999 -9999 -9999 -9999 -9999 -9999 -9999 -9999 -9999 -9999 -9999 -9999 -9999 -9999 -9999
439 129 160 140 341 529 407 284 556 -9999 -9999 161 146 192 399 140 705 152 169 314 313 582 293 74 132 -9999 495 158 298 -9999 166 473 370 328 248 275 528 192 450 757 758 489 68 284 240 130 306 66 169 343 210 274 258 294 214 287 157 95 300 131 65 19 213 -9999 -9999 -9999 -9999 -9999 -9999 -9999 -9999 -9999 -9999 -9999 -9999 -9999 -9999 -9999 -9999 -9999 -9999 -9999
226 88 61 111 134 1047 1030 433 355 357 103 301 -9999 -9999 -9999 153 41 206 25 231 197 413 343 129 -9999 225 192 310 265 109 136 -9999 132 397 312 301 63 344 201 222 279 370 178 326 353 483 343 127 150 181 208 316 350 139 304 512 886 278 147 71 82 168 136 40 -9999 -9999 -9999 -9999 -9999 -9999 -9999 -9999 -9999 -9999 -9999 -9999 -9999 -9999 -9999 -9999 -9999 -9999
-9999 138 102 174 264 591 1007 948 364 419 484 362 245 433 429 119 39 -9999 -9999 -9999 466 283 441 -9999 203 157 352 318 222 173 182 172 274 -9999 -9999 0 83 125 141 333 97 589 179 202 190 188 423 339 218 376 255 194 225 441 388 556 119 230 297 84 573 297 263 40 44 -9999 -9999 -9999 -9999 -9999 -9999 -9999 -9999 -9999 -9999 -9999 -9999 -9999 -9999 -9999 -9999 -9999
-9999 503 594 136 388 268 519 462 1029 877 719 397 536 338 290 323 0 92 229 131 65 138 74 85 89 568 274 455 458 269 58 93 735 29 56 -9999 -9999 167 0 167 198 685 246 191 190 135 156 93 285 239 293 299 143 177 237 112 77 321 303 156 308 300 85 298 102 209 -9999 -9999 -9999 -9999 -9999 -9999 -9999 -9999 -9999 -9999 -9999 -9999 -9999 -9999 -9999 -9999
-9999 290 187 100 100 239 237 149 342 338 232 345 384 473 251 251 125 36 139 246 109 386 252 457 21 211 149 131 285 358 501 202 111 241 116 204 119 130 -9999 -9999 120 143 331 244 204 331 370 372 236 36 123 116 209 276 89 84 59 138 316 433 137 160 84 213 80 638 372 -9999 -9999 -9999 -9999 -9999 -9999 -9999 -9999 -9999 -9999 -9999 -9999 -9999 -9999 -9999
-9999 -9999 292 253 225 202 229 358 386 331 351 351 317 321 372 367 127 16 35 330 488 527 709 345 501 35 134 44 66 739 302 119 61 0 16 0 82 0 70 117 107 268 354 141 36 411 397 185 478 160 214 109 164 143 68 0 189 54 152 296 71 88 90 63 283 278 256 123 -9999 -9999 -9999 -9999 -9999 -9999 -9999 -9999 -9999 -9999 -9999 -9999 -9999 -9999
-9999 -9999 -9999 418 338 380 351 387 385 366 246 286 285 277 396 385 85 20 63 661 165 542 503 244 428 648 20 276 220 573 234 105 0 29 24 30 0 111 74 0 28 20 192 151 216 465 321 83 413 308 302 137 20 133 0 231 184 64 187 62 79 366 713 236 337 528 272 169 65 -9999 -9999 -9999 -9999 -9999 -9999 -9999 -9999 -9999 -9999 -9999 -9999 -9999
-9999 -9999 -9999 268 232 197 358 390 313 389 362 347 394 404 347 386 237 23 200 219 599 57 483 331 351 562 685 46 27 191 318 94 86 24 35 35 30 0 0 56 264 23 0 313 297 672 776 224 317 600 561 160 257 122 87 325 365 228 196 283 231 694 301 267 401 345 243 376 259 126 -9999 -9999 -9999 -9999 -9999 -9999 -9999 -9999 -9999 -9999 -9999 -9999
-9999 -9999 -9999 -9999 281 427 162 337 374 412 352 316 332 730 731 541 382 61 0 215 239 783 500 563 706 711 548 379 204 239 350 355 194 18 0 37 20 0 0 0 0 0 132 83 337 247 290 229 272 279 575 525 565 623 80 68 426 354 400 164 347 271 551 302 437 521 277 192 57 108 97 -9999 -9999 -9999 -9999 -9999 -9999 -9999 -9999 -9999 -9999 -9999
-9999 -9999 -9999 -9999 -9999 324 589 411 531 657 631 521 355 500 764 690 695 453 286 19 179 469 611 985 1009 753 618 1127 614 74 297 147 292 54 78 21 20 0 0 0 0 16 0 240 31 242 139 225 79 718 556 542 594 625 705 147 329 314 470 137 210 369 285 609 295 283 356 390 148 65 59 175 -9999 -9999 -9999 -9999 -9999 -9999 -9999 -9999 -9999 -9999
-9999 -9999 -9999 -9999 -9999 -9999 548 600 417 601 670 623 519 517 725 809 518 444 211 186 215 60 750 623 571 576 734 1059 1065 367 661 129 251 173 75 0 0 0 16 0 0 33 28 86 77 232 86 197 242 568 815 842 621 693 714 123 37 235 142 157 221 566 589 465 335 444 523 375 420 88 91 278 126 -9999 -9999 -9999 -9999 -9999 -9999 -9999 -9999 -9999
-9999 -9999 -9999 -9999 -9999 -9999 -9999 92 93 390 480 426 381 679 533 404 332 155 59 279 319 322 127 32 500 511 684 694 713 355 650 82 644 184 77 0 0 0 0 0 0 33 33 22 0 50 229 47 91 241 886 868 804 753 702 707 782 677 595 178 319 372 411 413 398 375 276 472 382 301 81 37 26 174 -9999 -9999 -9999 -9999 -9999 -9999 -9999 -9999
-9999 -9999 -9999 -9999 -9999 -9999 -9999 -9999 712 172 364 372 438 342 414 567 172 246 378 397 352 276 162 301 100 57 565 515 713 702 435 458 391 256 60 80 0 0 0 17 16 0 0 17 30 20 0 17 12 183 936 685 616 650 733 768 633 576 574 678 86 184 114 385 363 413 430 113 390 116 227 373 44 304 118 -9999 -9999 -9999 -9999 -9999 -9999 -9999
-9999 -9999 -9999 -9999 -9999 -9999 -9999 -9999 -9999 98 348 403 383 132 204 498 347 25 479 427 362 449 35 148 315 226 539 647 922 915 596 879 989 282 282 111 0 0 0 0 0 0 81 0 20 19 0 17 126 168 921 994 634 611 774 761 837 581 868 872 608 652 662 593 213 190 398 639 600 197 120 302 260 231 248 103 -9999 -9999 -9999 -9999 -9999 -9999
-9999 -9999 -9999 -9999 -9999 -9999 -9999 -9999 -9999 92 147 414 366 135 110 434 397 183 226 277 232 209 246 36 33 370 669 771 1242 1246 970 596 461 515 128 27 85 0 0 0 0 0 0 90 18 0 0 184 182 522 1041 950 964 848 600 568 614 575 852 879 846 770 732 652 523 239 343 535 460 595 747 385 292 125 63 60 -9999 -9999 -9999 -9999 -9999 -9999
-9999 -9999 -9999 -9999 -9999 -9999 -9999 -9999 -9999 -9999 113 416 347 236 79 411 369 494 296 315 247 264 292 422 379 53 256 526 843 1199 1254 1338 952 823 307 552 114 0 0 14 16 0 0 0 0 0 0 138 114 976 955 1009 990 1025 884 609 525 545 504 467 652 692 835 612 86 266 419 175 262 224 158 190 281 273 122 122 220 -9999 -9999 -9999 -9999 -9999
-9999 -9999 -9999 -9999 -9999 -9999 -9999 -9999 -9999 -9999 -9999 390 387 643 681 600 360 299 353 143 274 450 931 465 50 407 399 294 371 1030 1268 1330 1241 686 447 255 0 21 53 13 0 0 0 0 0 0 0 0 915 1011 1017 930 947 1133 1011 783 354 559 497 572 511 586 678 797 823 98 165 542 252 201 227 223 199 168 22 69 73 237 -9999 -9999 -9999 -9999
-9999 -9999 -9999 -9999 -9999 -9999 -9999 -9999 -9999 -9999 -9999 -9999 473 513 579 887 350 348 381 183 252 551 478 1011 1037 638 482 394 184 450 1287 1255 750 690 561 134 280 171 46 24 0 0 0 0 0 0 152 21 960 1028 959 966 964 1008 948 984 630 601 546 571 553 572 585 551 542 856 457 253 160 145 122 156 266 318 142 158 143 239 -9999 -9999 -9999 -9999
-9999 -9999 -9999 -9999 -9999 -9999 -9999 -9999 -9999 -9999 -9999 -9999 -9999 669 1031 775 1012 352 611 434 324 613 651 1117 1266 861 684 58 246 442 1182 1403 586 850 840 821 262 329 68 196 24 0 0 0 0 0 203 566 1100 1087 1084 879 859 969 908 936 956 632 837 622 867 639 624 645 874 657 837 212 282 269 157 181 142 200 216 66 57 69 80 -9999 -9999 -9999
-9999 -9999 -9999 -9999 -9999 -9999 -9999 -9999 -9999 -9999 -9999 -9999 -9999 -9999 750 739 651 656 398 375 520 498 325 644 817 838 656 463 318 574 474 543 696 489 733 753 738 740 532 279 217 140 0 0 0 0 159 575 1085 942 1082 950 1051 908 675 683 926 1082 1256 932 1091 679 646 650 725 675 657 640 135 253 324 142 142 128 447 278 176 109 245 -9999 -9999 -9999
-9999 -9999 -9999 -9999 -9999 -9999 -9999 -9999 -9999 -9999 -9999 -9999 -9999 -9999 687 650 968 631 637 296 355 457 493 415 331 162 997 570 258 46 53 524 127 269 113 618 944 1326 1398 927 269 73 50 0 0 0 144 596 1088 1092 1093 1096 1110 1115 1043 1049 1099 1105 1091 1232 1248 1380 1099 963 516 804 1060 802 512 413 233 138 170 133 185 131 66 306 108 43 -9999 -9999
-9999 -9999 -9999 -9999 -9999 -9999 -9999 -9999 -9999 -9999 -9999 -9999 -9999 -9999 -9999 677 185 411 210 113 135 258 233 125 162 674 443 238 629 308 178 217 219 135 97 609 181 428 994 993 619 424 155 27 0 0 26 106 916 1124 1130 1113 1144 1126 1126 1134 1138 1132 1138 1100 1046 1231 1285 1262 1122 1395 1110 913 726 325 119 525 172 160 468 400 344 154 352 72 -9999 -9999
