example_catchment/sve_example_catchment_bm_manty_juuret.asc
ncols         139
nrows         162
xllcorner     572256
yllcorner     7071344
cellsize      16
NODATA_value  -9999
[rows 74 to 110 of 162, columns 0 to 82 of 139]
-9999 -9999 -9999 -9999 -9999 -9999 -9999 -9999 -9999 -9999 -9999 -9999 -9999 -9999 -9999 -9999 637 171 69 131 148 375 379 864 862 989 287 879 435 338 243 346 713 264 264 122 495 321 887 861 264 83 814 343 0 0 0 362 654 319 288 324 272 290 282 279 282 285 290 269 459 1002 657 85 416 632 805 746 608 595 801 554 353 216 361 121 339 441 777 1377 1271 -9999 -9999
-9999 -9999 -9999 -9999 -9999 -9999 -9999 -9999 -9999 -9999 -9999 -9999 -9999 -9999 -9999 -9999 -9999 18 0 0 0 62 307 357 758 653 668 393 782 725 511 834 561 309 244 69 0 100 707 750 259 0 1190 442 0 0 0 466 690 359 353 288 246 239 227 278 276 284 365 348 320 1002 1043 1186 731 182 141 238 380 373 756 993 483 647 615 521 164 332 351 572 597 881 -9999
-9999 -9999 -9999 -9999 -9999 -9999 -9999 -9999 -9999 -9999 -9999 -9999 -9999 -9999 -9999 -9999 -9999 -9999 -9999 0 0 0 0 91 489 551 663 106 121 111 627 726 640 329 107 811 21 434 557 858 106 0 400 906 0 0 0 344 936 345 366 317 233 198 200 231 282 303 339 373 341 337 1097 1116 673 1035 886 732 99 90 75 21 730 288 794 589 315 320 553 527 855 840 878
-9999 -9999 -9999 -9999 -9999 -9999 -9999 -9999 -9999 -9999 -9999 -9999 -9999 -9999 -9999 -9999 -9999 -9999 -9999 -9999 0 0 0 0 213 454 301 493 777 146 64 403 202 295 813 753 580 817 874 993 825 665 486 798 460 0 0 419 1091 345 373 327 222 175 236 237 661 336 354 401 437 463 216 1074 879 1200 1095 850 533 991 977 49 48 154 506 548 264 429 228 446 770 1216 649
-9999 -9999 -9999 -9999 -9999 -9999 -9999 -9999 -9999 -9999 -9999 -9999 -9999 -9999 -9999 -9999 -9999 -9999 -9999 -9999 -9999 29 24 0 0 100 172 443 634 546 586 344 74 120 188 86 1091 793 937 934 855 715 783 783 230 248 139 416 943 381 383 308 284 502 484 227 355 395 381 448 497 585 524 226 1127 868 874 648 994 821 614 588 186 113 192 373 712 451 171 354 429 849 811
-9999 -9999 -9999 -9999 -9999 -9999 -9999 -9999 -9999 -9999 -9999 -9999 -9999 -9999 -9999 -9999 -9999 -9999 -9999 -9999 -9999 -9999 32 24 20 20 0 106 143 526 699 0 0 0 130 668 537 464 586 692 471 476 601 617 914 1054 945 836 641 477 411 326 283 288 281 294 350 376 311 397 547 600 573 549 215 240 592 522 535 877 272 494 239 141 182 67 680 457 153 146 425 255 854
-9999 -9999 -9999 -9999 -9999 -9999 -9999 -9999 -9999 -9999 -9999 -9999 -9999 -9999 -9999 -9999 -9999 -9999 -9999 -9999 -9999 -9999 -9999 0 21 20 0 0 0 87 0 0 23 0 78 382 445 364 292 348 609 442 412 727 1058 1236 1083 856 571 548 438 379 325 289 275 286 296 249 261 308 423 549 555 574 505 302 531 316 329 324 278 659 241 153 229 151 273 719 554 172 134 329 332
-9999 -9999 -9999 -9999 -9999 -9999 -9999 -9999 -9999 -9999 -9999 -9999 -9999 -9999 -9999 -9999 -9999 -9999 -9999 -9999 -9999 -9999 -9999 -9999 0 22 24 21 0 20 23 0 0 0 0 0 186 277 601 622 672 609 572 723 875 385 428 695 992 763 581 458 440 401 376 332 322 284 293 279 295 385 428 513 484 338 240 275 296 313 257 633 243 44 176 178 173 829 1117 568 462 128 292
-9999 -9999 -9999 -9999 -9999 -9999 -9999 -9999 -9999 -9999 -9999 -9999 -9999 -9999 -9999 -9999 -9999 -9999 -9999 -9999 -9999 -9999 -9999 -9999 -9999 0 26 24 0 21 21 128 205 0 0 0 0 8 141 323 732 685 701 848 1008 867 840 718 679 863 733 574 562 549 503 422 355 281 283 284 288 323 380 378 355 314 316 337 310 297 241 429 184 191 57 95 378 286 707 1135 364 452 350
-9999 -9999 -9999 -9999 -9999 -9999 -9999 -9999 -9999 -9999 -9999 -9999 -9999 -9999 -9999 -9999 -9999 -9999 -9999 -9999 -9999 -9999 -9999 -9999 -9999 -9999 -9999 28 21 26 28 0 204 142 0 0 0 0 88 254 779 677 485 777 881 912 863 825 682 719 933 914 883 725 763 731 437 301 257 273 294 311 318 317 287 359 485 507 483 300 218 824 349 252 166 167 61 196 432 96 1115 1071 687
-9999 -9999 -9999 -9999 -9999 -9999 -9999 -9999 -9999 -9999 -9999 -9999 -9999 -9999 -9999 -9999 -9999 -9999 -9999 -9999 -9999 -9999 -9999 -9999 -9999 -9999 -9999 -9999 0 0 23 0 0 0 22 0 0 0 150 392 398 787 473 485 778 760 858 637 667 648 477 500 705 529 491 848 490 323 270 266 311 325 325 317 325 391 419 496 495 305 283 647 804 245 189 504 174 592 685 1239 1095 934 805
-9999 -9999 -9999 -9999 -9999 -9999 -9999 -9999 -9999 -9999 -9999 -9999 -9999 -9999 -9999 -9999 -9999 -9999 -9999 -9999 -9999 -9999 -9999 -9999 -9999 -9999 -9999 -9999 -9999 -9999 0 0 0 27 30 36 0 0 441 1090 127 838 379 580 665 788 1059 881 886 777 484 504 677 681 591 787 398 340 330 275 292 279 257 281 304 528 337 276 483 513 341 79 130 928 647 202 395 459 1132 1040 910 693 936
-9999 -9999 -9999 -9999 -9999 -9999 -9999 -9999 -9999 -9999 -9999 -9999 -9999 -9999 -9999 -9999 -9999 -9999 -9999 -9999 -9999 -9999 -9999 -9999 -9999 -9999 -9999 -9999 -9999 -9999 -9999 0 0 24 31 23 116 412 595 698 21 408 656 648 672 752 732 739 919 808 785 691 718 708 640 623 387 343 324 285 257 254 275 277 310 747 814 320 57 453 350 54 62 103 77 90 640 381 1116 1025 1021 550 508
-9999 -9999 -9999 -9999 -9999 -9999 -9999 -9999 -9999 -9999 -9999 -9999 -9999 -9999 -9999 -9999 -9999 -9999 -9999 -9999 -9999 -9999 -9999 -9999 -9999 -9999 -9999 -9999 -9999 -9999 -9999 -9999 0 20 27 0 1098 411 533 411 395 28 388 811 818 755 707 772 811 829 840 630 325 85 626 936 508 332 338 333 347 349 349 323 404 177 277 173 173 394 367 342 50 59 284 272 179 403 657 1149 817 745 744
-9999 -9999 -9999 -9999 -9999 -9999 -9999 -9999 -9999 -9999 -9999 -9999 -9999 -9999 -9999 -9999 -9999 -9999 -9999 -9999 -9999 -9999 -9999 -9999 -9999 -9999 -9999 -9999 -9999 -9999 -9999 -9999 -9999 -9999 0 0 55 759 518 394 349 380 256 502 1254 635 621 705 898 795 774 230 438 651 736 468 636 610 445 389 438 530 551 536 501 210 50 51 70 417 397 412 329 285 349 325 283 708 343 466 592 748 802
-9999 -9999 -9999 -9999 -9999 -9999 -9999 -9999 -9999 -9999 -9999 -9999 -9999 -9999 -9999 -9999 -9999 -9999 -9999 -9999 -9999 -9999 -9999 -9999 -9999 -9999 -9999 -9999 -9999 -9999 -9999 -9999 -9999 -9999 -9999 0 437 1002 408 376 330 327 395 66 162 902 460 741 785 642 447 533 669 778 489 799 631 563 543 384 412 576 617 645 511 104 484 70 225 185 504 373 299 306 306 302 286 233 680 771 781 783 759
-9999 -9999 -9999 -9999 -9999 -9999 -9999 -9999 -9999 -9999 -9999 -9999 -9999 -9999 -9999 -9999 -9999 -9999 -9999 -9999 -9999 -9999 -9999 -9999 -9999 -9999 -9999 -9999 -9999 -9999 -9999 -9999 -9999 -9999 -9999 -9999 -9999 1033 367 398 397 387 340 338 82 588 1127 1049 1030 1005 726 986 569 639 424 634 726 639 23 355 357 514 623 621 162 230 206 72 267 479 582 339 286 302 367 373 306 289 296 444 679 801 879
-9999 -9999 -9999 -9999 -9999 -9999 -9999 -9999 -9999 -9999 -9999 -9999 -9999 -9999 -9999 -9999 -9999 -9999 -9999 -9999 -9999 -9999 -9999 -9999 -9999 -9999 -9999 -9999 -9999 -9999 -9999 -9999 -9999 -9999 -9999 -9999 -9999 -9999 366 451 537 512 384 303 317 220 1055 948 871 649 572 435 744 451 76 168 617 206 66 335 332 389 529 708 184 46 447 153 240 743 748 141 179 170 325 349 300 82 330 382 454 666 801
-9999 -9999 -9999 -9999 -9999 -9999 -9999 -9999 -9999 -9999 -9999 -9999 -9999 -9999 -9999 -9999 -9999 -9999 -9999 -9999 -9999 -9999 -9999 -9999 -9999 -9999 -9999 -9999 -9999 -9999 -9999 -9999 -9999 -9999 -9999 -9999 -9999 -9999 -9999 -9999 526 565 506 352 326 331 304 499 706 657 654 522 360 248 217 139 65 81 354 269 255 261 298 406 115 190 57 150 154 689 558 171 216 110 412 285 291 578 84 377 558 378 642
-9999 -9999 -9999 -9999 -9999 -9999 -9999 -9999 -9999 -9999 -9999 -9999 -9999 -9999 -9999 -9999 -9999 -9999 -9999 -9999 -9999 -9999 -9999 -9999 -9999 -9999 -9999 -9999 -9999 -9999 -9999 -9999 -9999 -9999 -9999 -9999 -9999 -9999 -9999 -9999 -9999 472 554 556 508 343 334 308 516 517 504 423 475 271 66 74 96 225 263 225 238 224 234 664 223 98 75 224 300 565 446 506 161 150 461 481 318 154 167 299 488 515 773
-9999 -9999 -9999 -9999 -9999 -9999 -9999 -9999 -9999 -9999 -9999 -9999 -9999 -9999 -9999 -9999 -9999 -9999 -9999 -9999 -9999 -9999 -9999 -9999 -9999 -9999 -9999 -9999 -9999 -9999 -9999 -9999 -9999 -9999 -9999 -9999 -9999 -9999 -9999 -9999 -9999 -9999 -9999 551 520 401 351 293 262 279 261 279 498 994 551 231 248 560 242 262 305 173 156 874 931 694 398 604 750 804 661 216 391 397 437 399 108 177 58 69 315 470 356
-9999 -9999 -9999 -9999 -9999 -9999 -9999 -9999 -9999 -9999 -9999 -9999 -9999 -9999 -9999 -9999 -9999 -9999 -9999 -9999 -9999 -9999 -9999 -9999 -9999 -9999 -9999 -9999 -9999 -9999 -9999 -9999 -9999 -9999 -9999 -9999 -9999 -9999 -9999 -9999 -9999 -9999 -9999 -9999 389 391 359 290 291 271 297 258 492 1253 171 171 205 574 627 160 592 866 656 274 475 934 835 904 699 151 274 311 297 157 435 474 73 69 63 278 293 104 829
-9999 -9999 -9999 -9999 -9999 -9999 -9999 -9999 -9999 -9999 -9999 -9999 -9999 -9999 -9999 -9999 -9999 -9999 -9999 -9999 -9999 -9999 -9999 -9999 -9999 -9999 -9999 -9999 -9999 -9999 -9999 -9999 -9999 -9999 -9999 -9999 -9999 -9999 -9999 -9999 -9999 -9999 -9999 -9999 -9999 -9999 172 645 384 353 367 283 343 300 170 882 309 813 587 193 576 713 306 517 902 485 549 471 272 321 349 336 114 592 154 902 1347 915 946 781 744 263 117
-9999 -9999 -9999 -9999 -9999 -9999 -9999 -9999 -9999 -9999 -9999 -9999 -9999 -9999 -9999 -9999 -9999 -9999 -9999 -9999 -9999 -9999 -9999 -9999 -9999 -9999 -9999 -9999 -9999 -9999 -9999 -9999 -9999 -9999 -9999 -9999 -9999 -9999 -9999 -9999 -9999 -9999 -9999 -9999 -9999 -9999 -9999 679 610 381 459 231 343 269 548 845 82 812 505 280 166 347 366 258 932 944 185 162 188 124 114 601 941 688 203 471 1093 1046 893 855 347 474 123
-9999 -9999 -9999 -9999 -9999 -9999 -9999 -9999 -9999 -9999 -9999 -9999 -9999 -9999 -9999 -9999 -9999 -9999 -9999 -9999 -9999 -9999 -9999 -9999 -9999 -9999 -9999 -9999 -9999 -9999 -9999 -9999 -9999 -9999 -9999 -9999 -9999 -9999 -9999 -9999 -9999 -9999 -9999 -9999 -9999 -9999 -9999 -9999 642 594 155 122 322 282 537 868 486 723 598 298 456 452 442 124 608 703 122 158 173 161 1085 956 610 399 805 155 470 487 464 163 106 365 107
-9999 -9999 -9999 -9999 -9999 -9999 -9999 -9999 -9999 -9999 -9999 -9999 -9999 -9999 -9999 -9999 -9999 -9999 -9999 -9999 -9999 -9999 -9999 -9999 -9999 -9999 -9999 -9999 -9999 -9999 -9999 -9999 -9999 -9999 -9999 -9999 -9999 -9999 -9999 -9999 -9999 -9999 -9999 -9999 -9999 -9999 -9999 -9999 -9999 156 100 40 344 282 299 121 298 611 693 179 345 529 459 344 107 125 379 527 426 395 881 725 754 549 660 178 161 155 155 148 155 107 115
-9999 -9999 -9999 -9999 -9999 -9999 -9999 -9999 -9999 -9999 -9999 -9999 -9999 -9999 -9999 -9999 -9999 -9999 -9999 -9999 -9999 -9999 -9999 -9999 -9999 -9999 -9999 -9999 -9999 -9999 -9999 -9999 -9999 -9999 -9999 -9999 -9999 -9999 -9999 -9999 -9999 -9999 -9999 -9999 -9999 -9999 -9999 -9999 -9999 -9999 -9999 92 351 272 268 306 215 389 642 175 275 345 373 336 160 114 230 420 525 462 969 1011 410 667 759 513 183 201 145 177 137 155 121
-9999 -9999 -9999 -9999 -9999 -9999 -9999 -9999 -9999 -9999 -9999 -9999 -9999 -9999 -9999 -9999 -9999 -9999 -9999 -9999 -9999 -9999 -9999 -9999 -9999 -9999 -9999 -9999 -9999 -9999 -9999 -9999 -9999 -9999 -9999 -9999 -9999 -9999 -9999 -9999 -9999 -9999 -9999 -9999 -9999 -9999 -9999 -9999 -9999 -9999 -9999 -9999 362 286 301 477 537 267 732 170 266 161 264 299 366 115 157 633 334 487 753 763 466 370 877 846 1142 852 1004 221 147 180 931
-9999 -9999 -9999 -9999 -9999 -9999 -9999 -9999 -9999 -9999 -9999 -9999 -9999 -9999 -9999 -9999 -9999 -9999 -9999 -9999 -9999 -9999 -9999 -9999 -9999 -9999 -9999 -9999 -9999 -9999 -9999 -9999 -9999 -9999 -9999 -9999 -9999 -9999 -9999 -9999 -9999 -9999 -9999 -9999 -9999 -9999 -9999 -9999 -9999 -9999 -9999 -9999 -9999 313 382 507 139 373 961 165 159 120 126 336 372 374 269 252 479 188 569 622 498 943 864 630 1096 543 867 1476 793 802 494
-9999 -9999 -9999 -9999 -9999 -9999 -9999 -9999 -9999 -9999 -9999 -9999 -9999 -9999 -9999 -9999 -9999 -9999 -9999 -9999 -9999 -9999 -9999 -9999 -9999 -9999 -9999 -9999 -9999 -9999 -9999 -9999 -9999 -9999 -9999 -9999 -9999 -9999 -9999 -9999 -9999 -9999 -9999 -9999 -9999 -9999 -9999 -9999 -9999 -9999 -9999 -9999 -9999 -9999 47 31 76 540 155 107 246 253 256 326 548 572 399 152 342 165 458 554 483 575 1015 1104 1239 972 895 962 1022 826 862
-9999 -9999 -9999 -9999 -9999 -9999 -9999 -9999 -9999 -9999 -9999 -9999 -9999 -9999 -9999 -9999 -9999 -9999 -9999 -9999 -9999 -9999 -9999 -9999 -9999 -9999 -9999 -9999 -9999 -9999 -9999 -9999 -9999 -9999 -9999 -9999 -9999 -9999 -9999 -9999 -9999 -9999 -9999 -9999 -9999 -9999 -9999 -9999 -9999 -9999 -9999 -9999 -9999 -9999 -9999 232 69 166 200 310 314 249 166 259 287 277 160 147 163 681 745 288 166 404 402 1135 1228 897 713 750 1052 774 857
-9999 -9999 -9999 -9999 -9999 -9999 -9999 -9999 -9999 -9999 -9999 -9999 -9999 -9999 -9999 -9999 -9999 -9999 -9999 -9999 -9999 -9999 -9999 -9999 -9999 -9999 -9999 -9999 -9999 -9999 -9999 -9999 -9999 -9999 -9999 -9999 -9999 -9999 -9999 -9999 -9999 -9999 -9999 -9999 -9999 -9999 -9999 -9999 -9999 -9999 -9999 -9999 -9999 -9999 -9999 -9999 61 225 547 165 375 410 365 372 295 314 116 156 129 117 711 522 713 759 131 1101 1163 745 671 746 729 806 1114
-9999 -9999 -9999 -9999 -9999 -9999 -9999 -9999 -9999 -9999 -9999 -9999 -9999 -9999 -9999 -9999 -9999 -9999 -9999 -9999 -9999 -9999 -9999 -9999 -9999 -9999 -9999 -9999 -9999 -9999 -9999 -9999 -9999 -9999 -9999 -9999 -9999 -9999 -9999 -9999 -9999 -9999 -9999 -9999 -9999 -9999 -9999 -9999 -9999 -9999 -9999 -9999 -9999 -9999 -9999 -9999 -9999 192 575 199 272 412 469 194 280 495 306 393 349 269 1012 636 811 689 144 1047 1128 835 1172 1155 875 1127 1100
-9999 -9999 -9999 -9999 -9999 -9999 -9999 -9999 -9999 -9999 -9999 -9999 -9999 -9999 -9999 -9999 -9999 -9999 -9999 -9999 -9999 -9999 -9999 -9999 -9999 -9999 -9999 -9999 -9999 -9999 -9999 -9999 -9999 -9999 -9999 -9999 -9999 -9999 -9999 -9999 -9999 -9999 -9999 -9999 -9999 -9999 -9999 -9999 -9999 -9999 -9999 -9999 -9999 -9999 -9999 -9999 -9999 -9999 240 531 157 349 297 976 1019 879 65 415 444 441 919 914 638 451 271 1065 1246 1193 1001 1071 1003 1072 1113
-9999 -9999 -9999 -9999 -9999 -9999 -9999 -9999 -9999 -9999 -9999 -9999 -9999 -9999 -9999 -9999 -9999 -9999 -9999 -9999 -9999 -9999 -9999 -9999 -9999 -9999 -9999 -9999 -9999 -9999 -9999 -9999 -9999 -9999 -9999 -9999 -9999 -9999 -9999 -9999 -9999 -9999 -9999 -9999 -9999 -9999 -9999 -9999 -9999 -9999 -9999 -9999 -9999 -9999 -9999 -9999 -9999 -9999 -9999 589 728 369 764 850 839 948 418 396 112 732 971 805 757 411 432 1064 1178 1110 815 665 705 1211 1078
-9999 -9999 -9999 -9999 -9999 -9999 -9999 -9999 -9999 -9999 -9999 -9999 -9999 -9999 -9999 -9999 -9999 -9999 -9999 -9999 -9999 -9999 -9999 -9999 -9999 -9999 -9999 -9999 -9999 -9999 -9999 -9999 -9999 -9999 -9999 -9999 -9999 -9999 -9999 -9999 -9999 -9999 -9999 -9999 -9999 -9999 -9999 -9999 -9999 -9999 -9999 -9999 -9999 -9999 -9999 -9999 -9999 -9999 -9999 -9999 157 561 543 436 583 352 775 157 74 1286 984 824 724 553 591 682 854 482 326 539 388 633 579
-9999 -9999 -9999 -9999 -9999 -9999 -9999 -9999 -9999 -9999 -9999 -9999 -9999 -9999 -9999 -9999 -9999 -9999 -9999 -9999 -9999 -9999 -9999 -9999 -9999 -9999 -9999 -9999 -9999 -9999 -9999 -9999 -9999 -9999 -9999 -9999 -9999 -9999 -9999 -9999 -9999 -9999 -9999 -9999 -9999 -9999 -9999 -9999 -9999 -9999 -9999 -9999 -9999 -9999 -9999 -9999 -9999 -9999 -9999 -9999 -9999 594 247 489 677 701 498 415 72 95 1298 833 786 856 1012 476 486 521 547 532 490 165 525
