example_catchment/sve_example_catchment_bm_lehtip_juuret.asc
ncols         139
nrows         162
xllcorner     572256
yllcorner     7071344
cellsize      16
NODATA_value  -9999
[rows 74 to 110 of 162, columns 0 to 83 of 139]
-9999 -9999 -9999 -9999 -9999 -9999 -9999 -9999 -9999 -9999 -9999 -9999 -9999 -9999 -9999 -9999 639 531 146 120 225 586 493 246 300 197 753 833 652 314 459 252 245 706 910 550 458 576 259 278 499 510 295 174 0 0 44 290 860 103 82 96 81 83 77 75 78 82 85 70 56 55 93 498 283 209 289 542 524 530 597 441 785 1174 790 1264 709 72 393 296 207 -9999 -9999 -9999
-9999 -9999 -9999 -9999 -9999 -9999 -9999 -9999 -9999 -9999 -9999 -9999 -9999 -9999 -9999 -9999 -9999 233 186 31 0 432 654 347 336 367 705 588 430 324 511 317 556 279 1148 0 116 648 306 591 495 480 242 332 40 0 0 253 1210 124 114 86 198 179 158 75 73 83 106 104 103 55 55 50 99 337 441 308 165 329 200 556 642 468 339 338 706 225 60 223 379 315 -9999 -9999
-9999 -9999 -9999 -9999 -9999 -9999 -9999 -9999 -9999 -9999 -9999 -9999 -9999 -9999 -9999 -9999 -9999 -9999 -9999 27 66 63 118 340 582 316 555 248 327 314 352 334 698 313 388 451 304 492 585 805 473 497 175 397 46 0 0 176 787 117 113 95 167 367 365 166 77 89 102 113 102 104 51 90 89 72 55 96 269 278 381 449 709 710 716 634 569 655 238 346 327 315 258 -9999
-9999 -9999 -9999 -9999 -9999 -9999 -9999 -9999 -9999 -9999 -9999 -9999 -9999 -9999 -9999 -9999 -9999 -9999 -9999 -9999 0 86 76 81 288 562 739 451 570 474 245 1221 1529 801 280 398 166 495 521 747 284 252 319 299 421 46 35 214 239 112 129 101 158 151 176 175 73 100 106 116 114 114 235 161 82 58 32 81 318 62 60 25 25 263 322 767 501 432 750 397 249 236 385 -9999
-9999 -9999 -9999 -9999 -9999 -9999 -9999 -9999 -9999 -9999 -9999 -9999 -9999 -9999 -9999 -9999 -9999 -9999 -9999 -9999 -9999 99 143 75 58 44 297 227 501 397 791 1456 85 79 822 639 386 551 428 440 551 587 292 372 1183 162 150 333 766 111 138 91 77 394 360 160 107 111 109 112 115 576 507 223 64 83 81 86 70 90 185 342 622 511 323 776 711 421 1349 706 68 361 348 359
-9999 -9999 -9999 -9999 -9999 -9999 -9999 -9999 -9999 -9999 -9999 -9999 -9999 -9999 -9999 -9999 -9999 -9999 -9999 -9999 -9999 -9999 99 150 176 109 0 494 111 267 398 0 146 180 415 670 244 332 235 457 575 549 600 527 220 376 313 275 1070 115 114 98 80 77 74 84 106 107 92 109 503 578 603 546 240 197 475 342 379 344 122 412 449 592 332 374 555 875 651 204 689 228 375 268
-9999 -9999 -9999 -9999 -9999 -9999 -9999 -9999 -9999 -9999 -9999 -9999 -9999 -9999 -9999 -9999 -9999 -9999 -9999 -9999 -9999 -9999 -9999 49 82 102 81 0 0 99 65 0 81 25 71 298 543 200 218 205 511 544 645 596 439 216 217 862 1010 505 114 113 98 83 72 80 88 73 75 92 111 522 567 633 508 133 497 87 91 89 126 463 499 580 555 420 308 103 123 173 513 674 250 393
-9999 -9999 -9999 -9999 -9999 -9999 -9999 -9999 -9999 -9999 -9999 -9999 -9999 -9999 -9999 -9999 -9999 -9999 -9999 -9999 -9999 -9999 -9999 -9999 0 91 149 164 99 115 139 0 282 44 150 0 109 1240 330 457 541 594 590 581 576 420 310 136 422 682 550 113 113 113 109 99 96 78 81 78 87 110 112 513 486 157 103 78 81 86 114 483 543 395 583 617 222 496 223 0 145 344 576 547
-9999 -9999 -9999 -9999 -9999 -9999 -9999 -9999 -9999 -9999 -9999 -9999 -9999 -9999 -9999 -9999 -9999 -9999 -9999 -9999 -9999 -9999 -9999 -9999 -9999 0 111 135 83 101 90 61 335 54 0 126 0 0 862 1154 425 192 194 556 704 244 258 191 142 546 564 529 530 504 433 112 104 77 76 76 81 96 112 107 102 137 140 153 91 83 104 391 650 457 366 426 419 320 258 268 120 390 541 501
-9999 -9999 -9999 -9999 -9999 -9999 -9999 -9999 -9999 -9999 -9999 -9999 -9999 -9999 -9999 -9999 -9999 -9999 -9999 -9999 -9999 -9999 -9999 -9999 -9999 -9999 -9999 100 87 121 106 224 524 305 0 0 20 0 82 1050 299 185 164 295 273 267 248 253 184 194 474 500 512 696 601 562 112 88 62 70 84 92 94 93 85 100 170 575 524 134 95 443 363 578 633 408 379 677 618 488 83 124 285 338
-9999 -9999 -9999 -9999 -9999 -9999 -9999 -9999 -9999 -9999 -9999 -9999 -9999 -9999 -9999 -9999 -9999 -9999 -9999 -9999 -9999 -9999 -9999 -9999 -9999 -9999 -9999 -9999 58 83 88 0 161 0 84 0 0 0 157 196 179 294 168 209 299 552 644 208 245 247 312 142 187 719 681 571 114 102 71 68 92 97 98 94 96 105 108 527 556 460 124 410 442 442 397 615 400 382 341 345 220 104 312 275
-9999 -9999 -9999 -9999 -9999 -9999 -9999 -9999 -9999 -9999 -9999 -9999 -9999 -9999 -9999 -9999 -9999 -9999 -9999 -9999 -9999 -9999 -9999 -9999 -9999 -9999 -9999 -9999 -9999 -9999 73 74 75 99 93 78 0 24 405 250 440 254 298 187 182 412 435 563 246 303 213 146 185 338 736 507 115 104 101 73 83 76 63 76 90 509 461 541 480 558 101 40 66 597 488 278 423 506 385 81 141 154 156 114
-9999 -9999 -9999 -9999 -9999 -9999 -9999 -9999 -9999 -9999 -9999 -9999 -9999 -9999 -9999 -9999 -9999 -9999 -9999 -9999 -9999 -9999 -9999 -9999 -9999 -9999 -9999 -9999 -9999 -9999 -9999 62 83 145 92 57 34 334 817 793 577 291 247 249 187 432 536 469 545 283 296 188 194 189 726 180 126 103 101 79 63 61 73 78 135 731 466 513 403 112 103 27 32 53 39 46 598 694 381 71 46 230 260 136
-9999 -9999 -9999 -9999 -9999 -9999 -9999 -9999 -9999 -9999 -9999 -9999 -9999 -9999 -9999 -9999 -9999 -9999 -9999 -9999 -9999 -9999 -9999 -9999 -9999 -9999 -9999 -9999 -9999 -9999 -9999 -9999 92 179 98 0 558 310 668 120 115 441 169 238 442 443 561 468 506 277 281 429 541 692 597 504 116 104 106 102 103 104 105 97 108 497 392 407 579 111 107 110 26 30 65 63 247 512 502 17 137 247 248 314
-9999 -9999 -9999 -9999 -9999 -9999 -9999 -9999 -9999 -9999 -9999 -9999 -9999 -9999 -9999 -9999 -9999 -9999 -9999 -9999 -9999 -9999 -9999 -9999 -9999 -9999 -9999 -9999 -9999 -9999 -9999 -9999 -9999 -9999 79 0 33 339 116 113 115 116 755 436 175 470 523 602 271 506 452 713 694 486 584 651 778 567 113 109 113 498 573 554 476 329 380 385 432 108 110 109 99 78 100 92 78 416 561 336 299 252 229 274
-9999 -9999 -9999 -9999 -9999 -9999 -9999 -9999 -9999 -9999 -9999 -9999 -9999 -9999 -9999 -9999 -9999 -9999 -9999 -9999 -9999 -9999 -9999 -9999 -9999 -9999 -9999 -9999 -9999 -9999 -9999 -9999 -9999 -9999 -9999 0 744 318 116 112 100 99 111 591 382 602 558 533 426 499 498 372 474 578 811 354 494 151 449 110 110 587 929 873 489 453 681 434 515 584 513 102 87 90 91 89 82 66 476 246 234 242 294 301
-9999 -9999 -9999 -9999 -9999 -9999 -9999 -9999 -9999 -9999 -9999 -9999 -9999 -9999 -9999 -9999 -9999 -9999 -9999 -9999 -9999 -9999 -9999 -9999 -9999 -9999 -9999 -9999 -9999 -9999 -9999 -9999 -9999 -9999 -9999 -9999 -9999 287 112 114 112 112 101 100 409 486 416 439 457 480 803 575 981 811 265 197 378 179 577 107 104 501 917 923 598 587 372 435 426 375 308 163 82 88 106 109 91 80 72 383 498 286 170 393
-9999 -9999 -9999 -9999 -9999 -9999 -9999 -9999 -9999 -9999 -9999 -9999 -9999 -9999 -9999 -9999 -9999 -9999 -9999 -9999 -9999 -9999 -9999 -9999 -9999 -9999 -9999 -9999 -9999 -9999 -9999 -9999 -9999 -9999 -9999 -9999 -9999 -9999 109 113 511 492 110 90 140 370 291 71 393 768 965 1258 755 114 380 451 190 182 317 100 96 103 617 772 671 408 667 582 514 284 265 634 326 264 103 103 89 42 79 78 276 384 302 402
-9999 -9999 -9999 -9999 -9999 -9999 -9999 -9999 -9999 -9999 -9999 -9999 -9999 -9999 -9999 -9999 -9999 -9999 -9999 -9999 -9999 -9999 -9999 -9999 -9999 -9999 -9999 -9999 -9999 -9999 -9999 -9999 -9999 -9999 -9999 -9999 -9999 -9999 -9999 -9999 116 546 505 167 148 155 465 572 777 850 854 555 102 202 102 670 566 348 105 78 74 73 139 540 661 475 381 422 615 187 332 637 134 372 364 79 85 430 43 79 100 456 411 396
-9999 -9999 -9999 -9999 -9999 -9999 -9999 -9999 -9999 -9999 -9999 -9999 -9999 -9999 -9999 -9999 -9999 -9999 -9999 -9999 -9999 -9999 -9999 -9999 -9999 -9999 -9999 -9999 -9999 -9999 -9999 -9999 -9999 -9999 -9999 -9999 -9999 -9999 -9999 -9999 -9999 114 599 664 546 159 157 490 621 589 520 109 165 335 786 669 294 402 78 65 68 63 104 421 527 574 355 342 525 291 484 396 558 555 400 362 93 588 236 69 94 307 521 301
-9999 -9999 -9999 -9999 -9999 -9999 -9999 -9999 -9999 -9999 -9999 -9999 -9999 -9999 -9999 -9999 -9999 -9999 -9999 -9999 -9999 -9999 -9999 -9999 -9999 -9999 -9999 -9999 -9999 -9999 -9999 -9999 -9999 -9999 -9999 -9999 -9999 -9999 -9999 -9999 -9999 -9999 -9999 620 545 111 106 85 114 79 74 81 550 422 182 89 492 404 105 73 83 542 165 458 446 433 426 448 438 444 459 246 465 458 414 503 369 294 29 35 73 132 147 225
-9999 -9999 -9999 -9999 -9999 -9999 -9999 -9999 -9999 -9999 -9999 -9999 -9999 -9999 -9999 -9999 -9999 -9999 -9999 -9999 -9999 -9999 -9999 -9999 -9999 -9999 -9999 -9999 -9999 -9999 -9999 -9999 -9999 -9999 -9999 -9999 -9999 -9999 -9999 -9999 -9999 -9999 -9999 -9999 106 111 107 85 83 71 82 74 543 400 403 230 438 421 404 609 327 188 141 159 133 352 445 445 431 77 70 77 77 483 379 336 288 270 32 64 68 53 371 388
-9999 -9999 -9999 -9999 -9999 -9999 -9999 -9999 -9999 -9999 -9999 -9999 -9999 -9999 -9999 -9999 -9999 -9999 -9999 -9999 -9999 -9999 -9999 -9999 -9999 -9999 -9999 -9999 -9999 -9999 -9999 -9999 -9999 -9999 -9999 -9999 -9999 -9999 -9999 -9999 -9999 -9999 -9999 -9999 -9999 -9999 467 59 49 312 48 78 159 440 219 341 77 565 408 458 322 109 67 237 116 481 271 133 86 74 77 81 58 425 598 33 68 42 40 23 24 68 59 519
-9999 -9999 -9999 -9999 -9999 -9999 -9999 -9999 -9999 -9999 -9999 -9999 -9999 -9999 -9999 -9999 -9999 -9999 -9999 -9999 -9999 -9999 -9999 -9999 -9999 -9999 -9999 -9999 -9999 -9999 -9999 -9999 -9999 -9999 -9999 -9999 -9999 -9999 -9999 -9999 -9999 -9999 -9999 -9999 -9999 -9999 -9999 67 0 48 54 170 102 79 483 88 42 343 393 97 244 191 166 191 113 190 513 600 568 63 58 399 447 427 415 329 25 25 0 0 279 318 63 390
-9999 -9999 -9999 -9999 -9999 -9999 -9999 -9999 -9999 -9999 -9999 -9999 -9999 -9999 -9999 -9999 -9999 -9999 -9999 -9999 -9999 -9999 -9999 -9999 -9999 -9999 -9999 -9999 -9999 -9999 -9999 -9999 -9999 -9999 -9999 -9999 -9999 -9999 -9999 -9999 -9999 -9999 -9999 -9999 -9999 -9999 -9999 -9999 0 0 434 517 94 78 429 359 250 545 407 204 227 243 223 198 321 116 185 193 156 162 376 447 446 527 443 589 349 343 387 571 441 371 55 82
-9999 -9999 -9999 -9999 -9999 -9999 -9999 -9999 -9999 -9999 -9999 -9999 -9999 -9999 -9999 -9999 -9999 -9999 -9999 -9999 -9999 -9999 -9999 -9999 -9999 -9999 -9999 -9999 -9999 -9999 -9999 -9999 -9999 -9999 -9999 -9999 -9999 -9999 -9999 -9999 -9999 -9999 -9999 -9999 -9999 -9999 -9999 -9999 -9999 488 488 481 98 77 82 211 272 400 349 184 151 73 139 165 453 199 149 75 143 124 444 415 388 556 425 178 472 526 164 392 458 472 59 73
-9999 -9999 -9999 -9999 -9999 -9999 -9999 -9999 -9999 -9999 -9999 -9999 -9999 -9999 -9999 -9999 -9999 -9999 -9999 -9999 -9999 -9999 -9999 -9999 -9999 -9999 -9999 -9999 -9999 -9999 -9999 -9999 -9999 -9999 -9999 -9999 -9999 -9999 -9999 -9999 -9999 -9999 -9999 -9999 -9999 -9999 -9999 -9999 -9999 -9999 -9999 607 99 76 75 143 351 453 400 187 170 108 105 110 178 175 127 69 55 119 251 241 565 388 153 538 377 129 268 100 373 490 62 72
-9999 -9999 -9999 -9999 -9999 -9999 -9999 -9999 -9999 -9999 -9999 -9999 -9999 -9999 -9999 -9999 -9999 -9999 -9999 -9999 -9999 -9999 -9999 -9999 -9999 -9999 -9999 -9999 -9999 -9999 -9999 -9999 -9999 -9999 -9999 -9999 -9999 -9999 -9999 -9999 -9999 -9999 -9999 -9999 -9999 -9999 -9999 -9999 -9999 -9999 -9999 -9999 102 82 86 502 686 562 428 182 203 162 135 112 147 170 161 206 78 76 276 260 352 560 213 323 68 234 302 305 292 121 540 78
-9999 -9999 -9999 -9999 -9999 -9999 -9999 -9999 -9999 -9999 -9999 -9999 -9999 -9999 -9999 -9999 -9999 -9999 -9999 -9999 -9999 -9999 -9999 -9999 -9999 -9999 -9999 -9999 -9999 -9999 -9999 -9999 -9999 -9999 -9999 -9999 -9999 -9999 -9999 -9999 -9999 -9999 -9999 -9999 -9999 -9999 -9999 -9999 -9999 -9999 -9999 -9999 -9999 90 104 504 577 405 489 187 177 190 198 149 105 119 54 149 72 361 250 328 289 366 232 148 195 161 240 253 302 152 536 424
-9999 -9999 -9999 -9999 -9999 -9999 -9999 -9999 -9999 -9999 -9999 -9999 -9999 -9999 -9999 -9999 -9999 -9999 -9999 -9999 -9999 -9999 -9999 -9999 -9999 -9999 -9999 -9999 -9999 -9999 -9999 -9999 -9999 -9999 -9999 -9999 -9999 -9999 -9999 -9999 -9999 -9999 -9999 -9999 -9999 -9999 -9999 -9999 -9999 -9999 -9999 -9999 -9999 -9999 383 429 410 625 195 147 142 89 188 156 146 153 126 161 111 420 345 77 327 543 260 286 45 33 182 111 247 0 231 632
-9999 -9999 -9999 -9999 -9999 -9999 -9999 -9999 -9999 -9999 -9999 -9999 -9999 -9999 -9999 -9999 -9999 -9999 -9999 -9999 -9999 -9999 -9999 -9999 -9999 -9999 -9999 -9999 -9999 -9999 -9999 -9999 -9999 -9999 -9999 -9999 -9999 -9999 -9999 -9999 -9999 -9999 -9999 -9999 -9999 -9999 -9999 -9999 -9999 -9999 -9999 -9999 -9999 -9999 -9999 566 35 264 445 162 131 144 171 155 56 53 170 458 177 462 312 413 431 283 586 355 318 491 135 614 857 597 0 267
-9999 -9999 -9999 -9999 -9999 -9999 -9999 -9999 -9999 -9999 -9999 -9999 -9999 -9999 -9999 -9999 -9999 -9999 -9999 -9999 -9999 -9999 -9999 -9999 -9999 -9999 -9999 -9999 -9999 -9999 -9999 -9999 -9999 -9999 -9999 -9999 -9999 -9999 -9999 -9999 -9999 -9999 -9999 -9999 -9999 -9999 -9999 -9999 -9999 -9999 -9999 -9999 -9999 -9999 -9999 -9999 442 593 535 228 153 131 127 68 61 155 188 468 225 182 460 582 154 146 513 277 63 259 136 207 265 405 33 385
-9999 -9999 -9999 -9999 -9999 -9999 -9999 -9999 -9999 -9999 -9999 -9999 -9999 -9999 -9999 -9999 -9999 -9999 -9999 -9999 -9999 -9999 -9999 -9999 -9999 -9999 -9999 -9999 -9999 -9999 -9999 -9999 -9999 -9999 -9999 -9999 -9999 -9999 -9999 -9999 -9999 -9999 -9999 -9999 -9999 -9999 -9999 -9999 -9999 -9999 -9999 -9999 -9999 -9999 -9999 -9999 -9999 351 640 492 153 131 308 427 376 240 85 145 152 63 413 635 216 142 475 342 246 247 85 89 0 49 30 468
-9999 -9999 -9999 -9999 -9999 -9999 -9999 -9999 -9999 -9999 -9999 -9999 -9999 -9999 -9999 -9999 -9999 -9999 -9999 -9999 -9999 -9999 -9999 -9999 -9999 -9999 -9999 -9999 -9999 -9999 -9999 -9999 -9999 -9999 -9999 -9999 -9999 -9999 -9999 -9999 -9999 -9999 -9999 -9999 -9999 -9999 -9999 -9999 -9999 -9999 -9999 -9999 -9999 -9999 -9999 -9999 -9999 -9999 527 389 223 109 550 414 410 374 375 211 133 113 296 304 488 532 470 326 308 168 170 132 48 19 42 325
-9999 -9999 -9999 -9999 -9999 -9999 -9999 -9999 -9999 -9999 -9999 -9999 -9999 -9999 -9999 -9999 -9999 -9999 -9999 -9999 -9999 -9999 -9999 -9999 -9999 -9999 -9999 -9999 -9999 -9999 -9999 -9999 -9999 -9999 -9999 -9999 -9999 -9999 -9999 -9999 -9999 -9999 -9999 -9999 -9999 -9999 -9999 -9999 -9999 -9999 -9999 -9999 -9999 -9999 -9999 -9999 -9999 -9999 -9999 341 575 213 399 260 268 134 133 188 451 385 145 246 303 595 463 378 263 276 274 205 132 128 116 0
-9999 -9999 -9999 -9999 -9999 -9999 -9999 -9999 -9999 -9999 -9999 -9999 -9999 -9999 -9999 -9999 -9999 -9999 -9999 -9999 -9999 -9999 -9999 -9999 -9999 -9999 -9999 -9999 -9999 -9999 -9999 -9999 -9999 -9999 -9999 -9999 -9999 -9999 -9999 -9999 -9999 -9999 -9999 -9999 -9999 -9999 -9999 -9999 -9999 -9999 -9999 -9999 -9999 -9999 -9999 -9999 -9999 -9999 -9999 -9999 591 622 563 531 309 603 375 199 463 315 213 179 332 233 515 430 444 321 259 119 284 361 202 110
-9999 -9999 -9999 -9999 -9999 -9999 -9999 -9999 -9999 -9999 -9999 -9999 -9999 -9999 -9999 -9999 -9999 -9999 -9999 -9999 -9999 -9999 -9999 -9999 -9999 -9999 -9999 -9999 -9999 -9999 -9999 -9999 -9999 -9999 -9999 -9999 -9999 -9999 -9999 -9999 -9999 -9999 -9999 -9999 -9999 -9999 -9999 -9999 -9999 -9999 -9999 -9999 -9999 -9999 -9999 -9999 -9999 -9999 -9999 -9999 -9999 634 424 539 385 374 551 578 532 522 46 88 204 169 314 414 303 113 108 115 169 452 285 163
