example_catchment/sve_2_bm_lehtip_neulaset.asc
ncols         139
nrows         162
xllcorner     572256
yllcorner     7071344
cellsize      16
NODATA_value  -9999
[rows 38 to 75 of 162, columns 0 to 85 of 139]
-9999 -9999 -9999 -9999 -9999 -9999 -9999 -9999 -9999 -9999 0 0 0 0 0 0 0 0 47 88 165 170 164 235 100 148 241 61 92 235 143 89 89 39 13 14 21 21 16 31 47 11 51 56 64 94 20 -9999 -9999 -9999 -9999 -9999 -9999 -9999 -9999 -9999 -9999 -9999 -9999 -9999 -9999 -9999 -9999 -9999 -9999 -9999 -9999 -9999 -9999 -9999 -9999 -9999 -9999 -9999 -9999 -9999 -9999 -9999 -9999 -9999 -9999 -9999 -9999 -9999 -9999 -9999
-9999 -9999 -9999 -9999 -9999 -9999 -9999 -9999 -9999 0 0 0 0 0 0 0 0 0 6 80 88 76 76 171 133 245 212 73 73 66 105 97 95 30 25 20 22 21 14 68 61 59 41 44 17 30 23 58 -9999 -9999 -9999 -9999 -9999 -9999 -9999 -9999 -9999 -9999 -9999 -9999 -9999 -9999 -9999 -9999 -9999 -9999 -9999 -9999 -9999 -9999 -9999 -9999 -9999 -9999 -9999 -9999 -9999 -9999 -9999 -9999 -9999 -9999 -9999 -9999 -9999 -9999
-9999 -9999 -9999 -9999 -9999 -9999 -9999 -9999 -9999 0 0 0 0 0 0 0 0 0 0 0 48 26 100 44 256 91 75 60 118 121 225 238 92 161 64 31 20 73 53 52 54 71 58 56 9 47 77 12 32 -9999 -9999 -9999 -9999 -9999 -9999 -9999 -9999 -9999 -9999 -9999 -9999 -9999 -9999 -9999 -9999 -9999 -9999 -9999 -9999 -9999 -9999 -9999 -9999 -9999 -9999 -9999 -9999 -9999 -9999 -9999 -9999 -9999 -9999 -9999 -9999 -9999
-9999 -9999 -9999 -9999 -9999 -9999 -9999 -9999 0 0 0 0 0 0 0 0 0 0 0 0 0 62 49 185 179 90 61 157 147 77 226 248 270 71 67 75 56 55 53 54 54 61 60 31 30 92 85 32 16 88 -9999 -9999 -9999 -9999 -9999 -9999 -9999 -9999 -9999 -9999 -9999 -9999 -9999 -9999 -9999 -9999 -9999 -9999 -9999 -9999 -9999 -9999 -9999 -9999 -9999 -9999 -9999 -9999 -9999 -9999 -9999 -9999 -9999 -9999 -9999 -9999
-9999 -9999 -9999 -9999 -9999 -9999 -9999 24 0 0 0 0 0 0 0 0 0 0 0 0 0 7 0 117 50 97 115 99 171 105 121 216 252 238 237 161 44 54 52 41 53 63 68 7 17 16 15 15 34 53 76 18 -9999 -9999 -9999 -9999 -9999 -9999 -9999 -9999 -9999 -9999 -9999 -9999 -9999 -9999 -9999 -9999 -9999 -9999 -9999 -9999 -9999 -9999 -9999 -9999 -9999 -9999 -9999 -9999 -9999 -9999 -9999 -9999 -9999 -9999
-9999 -9999 -9999 -9999 -9999 -9999 0 0 26 0 0 0 0 0 0 0 0 0 0 0 0 0 0 0 17 38 15 125 153 180 201 82 240 241 202 134 182 53 71 55 69 58 67 56 31 10 13 32 48 87 47 108 96 -9999 -9999 -9999 -9999 -9999 -9999 -9999 -9999 -9999 -9999 -9999 -9999 -9999 -9999 -9999 -9999 -9999 -9999 -9999 -9999 -9999 -9999 -9999 -9999 -9999 -9999 -9999 -9999 -9999 -9999 -9999 -9999 -9999
-9999 -9999 -9999 -9999 -9999 22 8 0 24 0 0 0 0 0 0 0 0 0 0 0 0 0 0 0 80 71 78 50 138 45 12 84 186 105 117 184 181 82 90 66 73 53 71 62 25 16 11 29 69 50 75 87 98 119 -9999 -9999 -9999 -9999 -9999 -9999 -9999 -9999 -9999 -9999 -9999 -9999 -9999 -9999 -9999 -9999 -9999 -9999 -9999 -9999 -9999 -9999 -9999 -9999 -9999 -9999 -9999 -9999 -9999 -9999 -9999 -9999
-9999 -9999 -9999 -9999 67 75 5 0 0 0 0 0 0 0 0 0 0 0 0 0 0 0 0 0 0 0 33 108 39 52 137 95 88 49 63 91 113 97 116 74 61 73 55 55 48 19 23 29 31 55 91 120 98 101 77 78 -9999 -9999 -9999 -9999 -9999 -9999 -9999 -9999 -9999 -9999 -9999 -9999 -9999 -9999 -9999 -9999 -9999 -9999 -9999 -9999 -9999 -9999 -9999 -9999 -9999 -9999 -9999 -9999 -9999 -9999
-9999 -9999 -9999 59 78 135 33 98 0 0 0 3 0 0 0 0 0 0 0 0 0 0 0 0 0 0 68 178 33 21 109 79 53 16 58 52 63 96 127 85 73 46 21 86 94 35 13 32 14 67 82 55 69 100 79 63 10 -9999 -9999 -9999 -9999 -9999 -9999 -9999 -9999 -9999 -9999 -9999 -9999 -9999 -9999 -9999 -9999 -9999 -9999 -9999 -9999 -9999 -9999 -9999 -9999 -9999 -9999 -9999 -9999 -9999
-9999 -9999 -9999 182 62 88 28 118 18 122 36 0 0 15 0 0 0 0 0 0 0 0 0 0 49 91 78 158 21 98 72 80 157 61 121 69 58 88 88 153 76 58 67 23 18 25 35 12 51 30 37 71 38 56 89 31 8 92 -9999 -9999 -9999 -9999 -9999 -9999 -9999 -9999 -9999 -9999 -9999 -9999 -9999 -9999 -9999 -9999 -9999 -9999 -9999 -9999 -9999 -9999 -9999 -9999 -9999 -9999 -9999 -9999
-9999 -9999 -9999 46 145 99 104 72 89 19 54 55 37 68 39 167 0 0 0 0 0 0 0 30 60 31 14 94 76 128 109 129 192 225 202 216 143 126 149 124 98 103 116 83 22 37 23 16 15 34 65 155 50 53 46 33 8 89 80 -9999 -9999 -9999 -9999 -9999 -9999 -9999 -9999 -9999 -9999 -9999 -9999 -9999 -9999 -9999 -9999 -9999 -9999 -9999 -9999 -9999 -9999 -9999 -9999 -9999 -9999 -9999
-9999 195 141 -9999 19 118 53 36 65 61 109 133 54 51 127 21 35 140 184 105 31 120 46 0 54 10 102 128 178 148 166 151 111 190 248 189 230 152 133 110 136 92 74 105 96 22 22 19 21 33 34 176 34 37 63 44 96 32 81 80 -9999 -9999 -9999 -9999 -9999 -9999 -9999 -9999 -9999 -9999 -9999 -9999 -9999 -9999 -9999 -9999 -9999 -9999 -9999 -9999 -9999 -9999 -9999 -9999 -9999 -9999
-9999 181 191 85 153 -9999 33 73 122 167 209 94 76 106 71 88 26 236 195 213 57 81 31 38 64 99 148 34 91 10 174 103 214 177 264 270 261 158 127 128 138 141 89 9 16 35 37 26 29 31 82 42 32 93 159 24 95 57 119 84 94 -9999 -9999 -9999 -9999 -9999 -9999 -9999 -9999 -9999 -9999 -9999 -9999 -9999 -9999 -9999 -9999 -9999 -9999 -9999 -9999 -9999 -9999 -9999 -9999 -9999
105 98 209 201 61 68 55 -9999 69 202 205 163 99 98 159 35 85 63 119 147 215 68 97 94 94 58 122 -9999 42 32 48 199 175 148 152 236 214 193 103 142 55 111 46 48 32 65 75 17 92 27 40 82 66 69 86 127 43 60 86 82 47 111 -9999 -9999 -9999 -9999 -9999 -9999 -9999 -9999 -9999 -9999 -9999 -9999 -9999 -9999 -9999 -9999 -9999 -9999 -9999 -9999 -9999 -9999 -9999 -9999
88 102 354 136 65 39 42 19 80 -9999 -9999 49 61 183 69 119 82 44 89 60 193 122 101 33 124 -9999 79 76 135 -9999 97 95 120 99 134 146 150 133 184 176 22 19 68 82 67 72 36 23 40 61 55 76 94 17 80 85 92 65 32 13 67 69 95 -9999 -9999 -9999 -9999 -9999 -9999 -9999 -9999 -9999 -9999 -9999 -9999 -9999 -9999 -9999 -9999 -9999 -9999 -9999 -9999 -9999 -9999 -9999
192 179 208 177 121 69 144 71 13 15 112 58 -9999 -9999 -9999 103 50 91 72 22 160 116 133 125 -9999 18 16 10 76 109 96 -9999 55 205 193 157 159 142 178 84 27 20 69 55 53 48 23 78 71 61 63 99 113 18 39 22 100 49 54 66 23 51 87 46 -9999 -9999 -9999 -9999 -9999 -9999 -9999 -9999 -9999 -9999 -9999 -9999 -9999 -9999 -9999 -9999 -9999 -9999 -9999 -9999 -9999 -9999
-9999 151 280 88 171 26 94 90 90 84 77 68 50 65 50 95 75 -9999 -9999 -9999 105 88 171 -9999 41 71 92 92 96 121 95 120 96 -9999 -9999 66 199 144 21 15 20 125 67 65 58 25 71 48 28 31 121 114 117 137 15 17 52 19 46 90 99 93 102 46 52 -9999 -9999 -9999 -9999 -9999 -9999 -9999 -9999 -9999 -9999 -9999 -9999 -9999 -9999 -9999 -9999 -9999 -9999 -9999 -9999 -9999
-9999 165 118 157 118 110 17 52 17 19 44 57 201 130 175 167 81 16 27 71 74 83 46 19 47 57 126 120 127 104 48 44 117 69 44 -9999 -9999 162 11 83 131 119 88 64 78 18 25 46 66 34 106 106 50 48 103 48 86 90 49 68 93 64 52 48 29 89 -9999 -9999 -9999 -9999 -9999 -9999 -9999 -9999 -9999 -9999 -9999 -9999 -9999 -9999 -9999 -9999 -9999 -9999 -9999 -9999
-9999 162 165 78 66 179 111 101 21 22 35 122 64 148 167 189 128 43 198 26 94 26 36 23 62 94 74 66 109 217 161 67 129 36 111 80 248 81 -9999 -9999 69 146 83 92 66 20 19 31 76 69 77 16 79 127 69 87 24 55 25 93 46 94 89 103 53 109 99 -9999 -9999 -9999 -9999 -9999 -9999 -9999 -9999 -9999 -9999 -9999 -9999 -9999 -9999 -9999 -9999 -9999 -9999 -9999
-9999 -9999 165 187 158 114 156 121 62 96 133 130 147 156 139 146 115 56 102 56 24 93 34 44 57 50 99 58 27 61 104 190 58 27 24 19 25 60 5 30 66 119 133 88 50 49 29 44 75 62 139 74 69 35 84 41 108 36 15 77 42 46 95 109 116 86 87 95 -9999 -9999 -9999 -9999 -9999 -9999 -9999 -9999 -9999 -9999 -9999 -9999 -9999 -9999 -9999 -9999 -9999 -9999
-9999 -9999 -9999 68 69 137 151 59 62 135 161 164 168 212 66 61 106 60 138 24 57 27 32 36 23 21 61 81 81 116 156 227 34 43 36 59 31 43 98 106 23 22 155 36 48 59 27 63 91 58 36 47 53 89 9 99 13 25 47 70 46 44 83 153 131 193 78 6 24 -9999 -9999 -9999 -9999 -9999 -9999 -9999 -9999 -9999 -9999 -9999 -9999 -9999 -9999 -9999 -9999 -9999
-9999 -9999 -9999 30 35 57 143 63 82 62 145 151 154 156 79 59 194 74 63 51 106 51 29 44 44 39 20 52 79 151 233 113 74 57 51 51 44 22 0 24 74 31 86 15 75 107 61 62 42 168 159 43 60 15 64 66 44 48 37 67 104 80 109 113 312 125 46 71 70 38 -9999 -9999 -9999 -9999 -9999 -9999 -9999 -9999 -9999 -9999 -9999 -9999 -9999 -9999 -9999 -9999
-9999 -9999 -9999 -9999 111 49 69 84 162 156 109 86 76 39 96 168 59 199 21 60 100 15 30 44 40 39 38 28 82 167 118 71 263 104 39 55 30 0 0 0 27 5 96 128 90 116 97 91 44 57 32 28 35 31 65 65 59 37 93 22 114 103 158 118 204 105 142 164 98 56 66 -9999 -9999 -9999 -9999 -9999 -9999 -9999 -9999 -9999 -9999 -9999 -9999 -9999 -9999 -9999
-9999 -9999 -9999 -9999 -9999 92 63 134 123 140 175 205 189 83 74 102 76 139 198 122 12 88 38 38 38 40 39 111 29 42 105 67 90 78 74 31 30 0 21 23 15 47 18 69 104 112 64 189 83 20 34 32 27 28 18 42 69 60 74 39 109 178 130 177 168 113 143 108 141 68 72 82 -9999 -9999 -9999 -9999 -9999 -9999 -9999 -9999 -9999 -9999 -9999 -9999 -9999 -9999
-9999 -9999 -9999 -9999 -9999 -9999 109 69 151 139 147 178 201 86 65 45 123 115 124 99 100 39 66 27 45 39 38 45 44 35 22 79 111 173 186 31 21 0 0 0 0 49 41 91 4 20 193 165 28 42 29 34 53 69 111 79 50 52 41 46 115 156 114 140 132 213 222 240 107 38 43 91 81 -9999 -9999 -9999 -9999 -9999 -9999 -9999 -9999 -9999 -9999 -9999 -9999 -9999
-9999 -9999 -9999 -9999 -9999 -9999 -9999 90 74 143 151 161 151 44 40 30 160 225 97 42 79 35 36 63 57 69 37 35 34 44 22 53 106 138 182 28 22 0 19 0 0 49 49 33 24 13 0 38 57 71 27 31 80 83 112 114 79 19 53 108 146 126 123 134 145 242 160 138 144 103 20 78 29 56 -9999 -9999 -9999 -9999 -9999 -9999 -9999 -9999 -9999 -9999 -9999 -9999
-9999 -9999 -9999 -9999 -9999 -9999 -9999 -9999 208 65 157 163 153 49 49 61 106 100 79 73 50 8 149 192 61 54 30 35 36 37 26 68 154 78 146 50 23 0 0 25 23 28 36 43 45 29 0 21 53 44 55 22 49 21 95 91 45 52 51 44 53 115 160 153 145 160 211 137 163 148 117 79 23 52 93 -9999 -9999 -9999 -9999 -9999 -9999 -9999 -9999 -9999 -9999 -9999
-9999 -9999 -9999 -9999 -9999 -9999 -9999 -9999 -9999 88 164 158 141 63 61 37 57 51 36 85 81 42 117 184 96 78 24 39 35 35 38 48 95 177 261 198 14 0 0 17 24 0 50 15 50 29 5 22 57 42 58 64 13 50 79 93 68 53 35 36 51 107 83 130 195 132 142 134 169 182 153 94 42 75 89 33 -9999 -9999 -9999 -9999 -9999 -9999 -9999 -9999 -9999 -9999
-9999 -9999 -9999 -9999 -9999 -9999 -9999 -9999 -9999 92 110 150 139 39 105 51 55 66 96 65 35 70 62 117 112 100 61 22 56 124 36 37 86 151 121 48 22 23 15 14 30 0 0 38 52 28 5 55 148 31 72 53 52 45 36 43 41 37 35 37 36 76 120 107 44 158 132 78 262 194 235 123 81 94 76 69 -9999 -9999 -9999 -9999 -9999 -9999 -9999 -9999 -9999 -9999
-9999 -9999 -9999 -9999 -9999 -9999 -9999 -9999 -9999 -9999 108 146 103 92 113 48 68 32 97 132 36 25 35 84 28 67 35 195 20 115 98 93 44 94 193 127 230 0 27 21 39 0 0 0 0 5 0 84 41 61 52 54 49 49 27 37 26 37 26 21 43 54 79 161 51 151 143 125 118 243 267 240 83 72 72 52 83 -9999 -9999 -9999 -9999 -9999 -9999 -9999 -9999 -9999
-9999 -9999 -9999 -9999 -9999 -9999 -9999 -9999 -9999 -9999 -9999 130 160 78 42 99 103 25 53 26 150 36 16 38 54 26 27 101 112 20 130 84 71 80 213 95 11 36 69 43 0 2 0 0 0 0 0 65 66 53 55 69 66 56 43 46 39 38 23 22 34 37 50 50 47 55 165 72 117 351 394 239 245 116 75 23 46 87 -9999 -9999 -9999 -9999 -9999 -9999 -9999 -9999
-9999 -9999 -9999 -9999 -9999 -9999 -9999 -9999 -9999 -9999 -9999 -9999 125 21 111 139 45 89 56 61 88 49 39 17 17 133 67 63 42 41 166 124 25 90 85 143 104 94 6 55 2 1 1 1 0 0 50 57 54 52 55 56 55 55 55 61 14 40 38 40 43 36 38 42 42 107 101 117 157 250 421 262 234 109 100 43 43 85 -9999 -9999 -9999 -9999 -9999 -9999 -9999 -9999
-9999 -9999 -9999 -9999 -9999 -9999 -9999 -9999 -9999 -9999 -9999 -9999 -9999 21 26 64 117 31 44 49 86 84 110 101 125 19 43 18 45 31 88 101 90 134 109 88 99 101 85 86 4 2 0 0 0 0 83 171 21 19 19 115 122 57 73 59 54 13 34 39 34 56 57 55 38 55 76 173 152 254 259 315 214 144 147 75 47 23 44 -9999 -9999 -9999 -9999 -9999 -9999 -9999
-9999 -9999 -9999 -9999 -9999 -9999 -9999 -9999 -9999 -9999 -9999 -9999 -9999 -9999 38 37 58 98 91 86 119 77 50 97 84 31 96 89 111 47 187 152 90 116 82 96 68 25 165 115 125 34 0 0 0 0 52 233 19 91 19 88 36 105 149 147 98 18 124 30 133 58 59 57 37 56 57 93 123 163 290 212 212 136 154 74 81 37 82 -9999 -9999 -9999 -9999 -9999 -9999 -9999
-9999 -9999 -9999 -9999 -9999 -9999 -9999 -9999 -9999 -9999 -9999 -9999 -9999 -9999 106 104 28 57 45 108 101 95 75 81 47 33 99 177 38 103 77 122 188 239 247 145 44 79 97 92 118 93 7 0 0 0 38 260 20 19 19 18 19 18 34 36 19 18 16 24 86 120 33 50 61 38 135 130 125 108 174 215 262 238 243 97 25 77 55 65 -9999 -9999 -9999 -9999 -9999 -9999
-9999 -9999 -9999 -9999 -9999 -9999 -9999 -9999 -9999 -9999 -9999 -9999 -9999 -9999 -9999 128 121 161 151 76 107 94 110 75 47 119 113 213 124 204 11 90 213 94 208 131 63 126 52 52 101 144 85 3 0 0 3 72 101 14 15 18 14 12 12 13 13 13 10 12 4 23 128 34 36 93 64 48 107 80 123 222 317 270 238 191 121 43 53 70 -9999 -9999 -9999 -9999 -9999 -9999
-9999 -9999 -9999 -9999 -9999 -9999 -9999 -9999 -9999 -9999 -9999 -9999 -9999 -9999 -9999 -9999 148 90 42 27 48 165 98 55 70 36 114 153 148 61 100 57 48 188 133 93 121 115 57 46 105 111 74 46 0 0 3 57 164 13 11 17 14 12 11 11 11 12 13 9 4 4 23 112 58 38 49 102 85 86 163 69 154 214 156 229 144 8 97 54 40 -9999 -9999 -9999 -9999 -9999
-9999 -9999 -9999 -9999 -9999 -9999 -9999 -9999 -9999 -9999 -9999 -9999 -9999 -9999 -9999 -9999 -9999 24 28 7 0 93 167 74 83 94 144 120 66 71 103 65 105 69 189 0 23 90 55 130 102 98 45 71 2 0 0 68 253 16 15 14 44 39 33 11 10 13 18 17 13 4 4 3 26 78 106 72 34 73 35 89 140 81 58 104 155 63 8 44 83 67 -9999 -9999 -9999 -9999
