example_catchment/sve_example_catchment_ika.asc
ncols         139
nrows         162
xllcorner     572256
yllcorner     7071344
cellsize      16
NODATA_value  -9999
[rows 38 to 75 of 162, columns 0 to 84 of 139]
-9999 -9999 -9999 -9999 -9999 -9999 -9999 -9999 -9999 -9999 0 0 0 0 0 0 0 0 70 54 71 66 55 81 37 55 67 57 52 45 49 49 52 47 58 58 62 54 64 55 92 81 78 79 82 98 50 -9999 -9999 -9999 -9999 -9999 -9999 -9999 -9999 -9999 -9999 -9999 -9999 -9999 -9999 -9999 -9999 -9999 -9999 -9999 -9999 -9999 -9999 -9999 -9999 -9999 -9999 -9999 -9999 -9999 -9999 -9999 -9999 -9999 -9999 -9999 -9999 -9999 -9999
-9999 -9999 -9999 -9999 -9999 -9999 -9999 -9999 -9999 0 0 0 0 0 0 0 0 0 73 59 82 77 85 80 41 60 46 54 37 30 35 49 53 46 57 55 62 68 67 85 92 95 83 74 77 77 83 64 -9999 -9999 -9999 -9999 -9999 -9999 -9999 -9999 -9999 -9999 -9999 -9999 -9999 -9999 -9999 -9999 -9999 -9999 -9999 -9999 -9999 -9999 -9999 -9999 -9999 -9999 -9999 -9999 -9999 -9999 -9999 -9999 -9999 -9999 -9999 -9999 -9999
-9999 -9999 -9999 -9999 -9999 -9999 -9999 -9999 -9999 0 0 0 0 0 0 0 0 0 26 57 58 57 56 56 57 45 60 41 62 44 56 62 34 47 51 58 89 65 78 83 81 69 92 95 71 89 83 82 47 -9999 -9999 -9999 -9999 -9999 -9999 -9999 -9999 -9999 -9999 -9999 -9999 -9999 -9999 -9999 -9999 -9999 -9999 -9999 -9999 -9999 -9999 -9999 -9999 -9999 -9999 -9999 -9999 -9999 -9999 -9999 -9999 -9999 -9999 -9999 -9999
-9999 -9999 -9999 -9999 -9999 -9999 -9999 -9999 0 0 0 0 0 0 0 0 0 0 0 29 50 56 76 45 54 45 51 72 51 42 39 42 42 41 59 69 90 80 84 86 82 73 92 77 87 90 98 85 85 57 -9999 -9999 -9999 -9999 -9999 -9999 -9999 -9999 -9999 -9999 -9999 -9999 -9999 -9999 -9999 -9999 -9999 -9999 -9999 -9999 -9999 -9999 -9999 -9999 -9999 -9999 -9999 -9999 -9999 -9999 -9999 -9999 -9999 -9999 -9999
-9999 -9999 -9999 -9999 -9999 -9999 -9999 42 0 0 0 0 0 0 0 0 0 0 0 0 0 38 35 56 78 69 71 75 87 59 42 41 39 39 44 58 78 79 84 83 84 73 87 79 85 83 82 79 79 80 65 52 -9999 -9999 -9999 -9999 -9999 -9999 -9999 -9999 -9999 -9999 -9999 -9999 -9999 -9999 -9999 -9999 -9999 -9999 -9999 -9999 -9999 -9999 -9999 -9999 -9999 -9999 -9999 -9999 -9999 -9999 -9999 -9999 -9999
-9999 -9999 -9999 -9999 -9999 -9999 43 39 38 0 0 0 0 0 0 0 0 0 0 0 0 0 50 52 77 138 75 67 69 68 68 44 42 41 29 35 58 75 77 83 71 92 88 92 74 79 78 82 87 65 68 58 56 -9999 -9999 -9999 -9999 -9999 -9999 -9999 -9999 -9999 -9999 -9999 -9999 -9999 -9999 -9999 -9999 -9999 -9999 -9999 -9999 -9999 -9999 -9999 -9999 -9999 -9999 -9999 -9999 -9999 -9999 -9999 -9999
-9999 -9999 -9999 -9999 -9999 58 58 39 44 0 0 0 0 0 0 0 0 0 0 0 0 0 0 51 52 61 60 76 76 76 84 62 59 47 49 57 59 61 63 83 83 81 69 73 88 79 79 99 70 85 85 56 68 52 -9999 -9999 -9999 -9999 -9999 -9999 -9999 -9999 -9999 -9999 -9999 -9999 -9999 -9999 -9999 -9999 -9999 -9999 -9999 -9999 -9999 -9999 -9999 -9999 -9999 -9999 -9999 -9999 -9999 -9999 -9999
-9999 -9999 -9999 -9999 49 62 72 81 48 44 0 0 0 0 0 0 0 0 0 0 0 0 0 0 47 50 88 72 61 84 91 66 78 77 77 83 64 49 72 64 91 81 82 85 81 87 75 81 78 84 88 52 74 64 50 51 -9999 -9999 -9999 -9999 -9999 -9999 -9999 -9999 -9999 -9999 -9999 -9999 -9999 -9999 -9999 -9999 -9999 -9999 -9999 -9999 -9999 -9999 -9999 -9999 -9999 -9999 -9999 -9999 -9999
-9999 -9999 -9999 49 41 45 57 83 111 34 33 68 0 0 0 0 0 0 0 0 0 0 0 0 0 78 64 67 61 55 92 65 74 52 44 45 40 40 48 56 58 54 59 88 82 83 80 75 81 83 69 66 71 63 51 47 57 -9999 -9999 -9999 -9999 -9999 -9999 -9999 -9999 -9999 -9999 -9999 -9999 -9999 -9999 -9999 -9999 -9999 -9999 -9999 -9999 -9999 -9999 -9999 -9999 -9999 -9999 -9999 -9999
-9999 -9999 -9999 45 35 45 40 67 64 60 75 76 94 80 0 0 0 0 0 0 0 0 0 0 67 80 79 70 79 90 56 42 52 32 41 39 42 40 39 49 45 48 57 53 64 72 83 80 73 72 85 63 71 60 56 54 58 90 -9999 -9999 -9999 -9999 -9999 -9999 -9999 -9999 -9999 -9999 -9999 -9999 -9999 -9999 -9999 -9999 -9999 -9999 -9999 -9999 -9999 -9999 -9999 -9999 -9999 -9999 -9999
-9999 -9999 -9999 41 75 64 54 46 69 94 70 79 37 44 79 56 0 0 0 0 0 0 46 64 72 88 85 60 96 50 42 39 40 34 40 33 31 34 34 29 33 48 50 53 62 80 59 58 65 74 93 97 51 63 60 54 66 78 64 -9999 -9999 -9999 -9999 -9999 -9999 -9999 -9999 -9999 -9999 -9999 -9999 -9999 -9999 -9999 -9999 -9999 -9999 -9999 -9999 -9999 -9999 -9999 -9999 -9999 -9999
-9999 41 32 -9999 46 55 48 59 45 49 46 44 37 37 45 36 67 65 71 52 86 71 68 93 84 65 62 68 47 48 37 31 36 37 30 34 30 29 40 26 35 32 39 47 49 59 61 64 62 47 54 98 66 55 57 52 48 47 50 54 -9999 -9999 -9999 -9999 -9999 -9999 -9999 -9999 -9999 -9999 -9999 -9999 -9999 -9999 -9999 -9999 -9999 -9999 -9999 -9999 -9999 -9999 -9999 -9999 -9999
-9999 51 44 40 51 -9999 51 46 52 49 48 46 42 34 44 45 40 70 78 68 89 73 86 78 87 63 60 53 45 17 33 32 40 32 41 41 34 32 39 39 33 31 35 45 49 50 48 59 53 47 64 69 68 68 95 75 100 93 47 54 47 -9999 -9999 -9999 -9999 -9999 -9999 -9999 -9999 -9999 -9999 -9999 -9999 -9999 -9999 -9999 -9999 -9999 -9999 -9999 -9999 -9999 -9999 -9999 -9999
37 40 44 47 67 45 43 -9999 35 40 38 42 54 70 55 51 46 46 44 87 62 71 68 68 59 41 67 -9999 57 37 18 47 47 35 32 35 34 40 38 41 45 38 41 41 49 70 65 51 50 58 50 53 88 91 99 102 52 61 54 49 49 35 -9999 -9999 -9999 -9999 -9999 -9999 -9999 -9999 -9999 -9999 -9999 -9999 -9999 -9999 -9999 -9999 -9999 -9999 -9999 -9999 -9999 -9999 -9999
39 32 37 38 42 65 69 48 62 -9999 -9999 37 36 41 57 41 69 53 32 33 33 44 40 44 45 -9999 60 42 57 -9999 63 72 43 36 42 30 30 41 43 56 45 42 44 53 56 54 53 45 50 58 58 47 54 85 81 96 68 70 53 47 44 30 38 -9999 -9999 -9999 -9999 -9999 -9999 -9999 -9999 -9999 -9999 -9999 -9999 -9999 -9999 -9999 -9999 -9999 -9999 -9999 -9999 -9999 -9999
38 35 31 33 34 84 77 100 54 67 49 49 -9999 -9999 -9999 45 46 45 27 42 37 32 34 38 -9999 47 45 45 48 45 50 -9999 31 55 43 39 28 43 36 38 43 51 41 51 54 72 52 54 53 43 50 50 52 77 85 84 98 56 46 44 39 37 33 37 -9999 -9999 -9999 -9999 -9999 -9999 -9999 -9999 -9999 -9999 -9999 -9999 -9999 -9999 -9999 -9999 -9999 -9999 -9999 -9999 -9999
-9999 37 37 35 42 50 79 80 72 68 78 74 54 52 48 38 39 -9999 -9999 -9999 45 46 44 -9999 41 36 35 37 35 34 39 51 50 -9999 -9999 31 27 26 23 33 47 46 50 41 42 45 60 51 49 51 54 46 48 62 85 86 51 48 51 43 44 40 35 38 39 -9999 -9999 -9999 -9999 -9999 -9999 -9999 -9999 -9999 -9999 -9999 -9999 -9999 -9999 -9999 -9999 -9999 -9999 -9999 -9999
-9999 56 52 36 42 47 51 49 65 56 67 70 55 50 52 38 45 20 47 40 44 46 35 38 38 39 34 58 60 35 31 36 48 29 57 -9999 -9999 33 15 45 64 41 39 50 41 48 51 43 53 47 49 50 54 64 44 55 49 69 51 40 37 36 44 43 35 37 -9999 -9999 -9999 -9999 -9999 -9999 -9999 -9999 -9999 -9999 -9999 -9999 -9999 -9999 -9999 -9999 -9999 -9999 -9999
-9999 50 49 39 33 30 38 38 45 45 45 56 50 57 50 53 48 41 35 49 49 56 47 37 31 39 38 46 62 63 59 37 31 23 25 32 27 25 -9999 -9999 63 34 40 39 50 51 61 50 42 32 44 40 43 52 40 56 39 65 48 51 32 35 43 51 41 42 35 -9999 -9999 -9999 -9999 -9999 -9999 -9999 -9999 -9999 -9999 -9999 -9999 -9999 -9999 -9999 -9999 -9999 -9999
-9999 -9999 50 52 51 47 50 52 51 51 52 52 54 55 53 54 72 22 41 38 62 67 40 40 40 36 33 35 37 82 66 58 38 22 22 39 61 68 43 20 62 33 40 39 43 50 55 41 51 39 52 42 52 39 47 51 71 63 49 57 34 37 42 48 40 34 35 42 -9999 -9999 -9999 -9999 -9999 -9999 -9999 -9999 -9999 -9999 -9999 -9999 -9999 -9999 -9999 -9999 -9999
-9999 -9999 -9999 50 48 54 53 51 51 53 50 54 54 53 52 51 52 30 64 83 49 65 47 46 37 41 31 41 40 66 50 51 40 26 45 9 22 84 32 52 16 19 41 42 47 39 41 48 53 50 50 40 44 44 57 67 79 78 49 44 34 39 45 61 50 66 38 42 36 -9999 -9999 -9999 -9999 -9999 -9999 -9999 -9999 -9999 -9999 -9999 -9999 -9999 -9999 -9999 -9999
-9999 -9999 -9999 44 44 36 53 50 48 51 53 53 55 55 48 51 51 44 31 48 66 43 41 40 40 41 42 39 30 31 48 39 41 9 42 42 29 26 43 78 28 25 22 42 33 43 42 43 48 52 51 50 51 49 53 49 53 65 56 56 38 40 35 59 59 51 47 59 43 40 -9999 -9999 -9999 -9999 -9999 -9999 -9999 -9999 -9999 -9999 -9999 -9999 -9999 -9999 -9999
-9999 -9999 -9999 -9999 46 42 35 48 63 69 56 48 50 78 71 84 51 35 32 32 52 63 42 40 40 40 40 51 39 30 33 66 48 15 70 31 47 5 37 19 23 9 23 29 43 36 39 48 47 50 42 41 48 51 43 44 52 66 52 43 37 34 30 26 58 61 52 46 48 51 52 -9999 -9999 -9999 -9999 -9999 -9999 -9999 -9999 -9999 -9999 -9999 -9999 -9999 -9999
-9999 -9999 -9999 -9999 -9999 45 44 45 76 74 73 71 65 88 72 71 104 54 72 40 49 56 49 40 39 40 48 66 49 34 36 37 73 53 40 5 6 30 33 30 24 9 41 21 16 31 40 50 42 48 41 40 41 41 48 49 57 52 53 37 38 35 29 33 42 57 57 50 53 44 43 57 -9999 -9999 -9999 -9999 -9999 -9999 -9999 -9999 -9999 -9999 -9999 -9999 -9999
-9999 -9999 -9999 -9999 -9999 -9999 42 44 65 74 73 73 70 92 86 83 68 52 38 45 51 40 72 50 39 41 40 79 82 42 42 35 38 44 60 31 23 17 51 34 23 28 6 18 10 17 28 26 46 51 54 52 46 47 51 41 43 39 49 33 37 30 27 32 37 60 49 51 56 47 47 58 45 -9999 -9999 -9999 -9999 -9999 -9999 -9999 -9999 -9999 -9999 -9999 -9999
-9999 -9999 -9999 -9999 -9999 -9999 -9999 34 35 58 76 70 58 85 84 78 69 61 38 42 53 56 60 39 40 40 40 40 41 41 42 41 43 35 70 35 24 31 30 36 20 7 7 6 37 9 14 20 59 64 102 52 43 47 45 45 48 46 53 37 36 31 27 28 34 49 41 47 63 36 35 36 39 54 -9999 -9999 -9999 -9999 -9999 -9999 -9999 -9999 -9999 -9999 -9999
-9999 -9999 -9999 -9999 -9999 -9999 -9999 -9999 58 42 56 63 52 85 76 66 78 59 46 47 43 64 66 77 52 40 41 39 40 40 39 38 51 31 31 47 29 5 5 5 21 20 28 8 6 48 4 9 60 74 85 60 43 47 44 45 46 44 44 46 35 35 38 41 41 42 42 36 47 42 46 57 44 56 49 -9999 -9999 -9999 -9999 -9999 -9999 -9999 -9999 -9999 -9999
-9999 -9999 -9999 -9999 -9999 -9999 -9999 -9999 -9999 34 54 67 56 75 98 63 86 75 79 40 55 50 44 44 43 48 41 43 46 42 48 46 49 45 40 66 39 22 21 23 18 47 75 45 9 47 4 9 78 75 76 82 62 43 48 44 47 44 49 49 46 43 39 43 37 41 32 33 37 44 36 51 47 57 57 42 -9999 -9999 -9999 -9999 -9999 -9999 -9999 -9999 -9999
-9999 -9999 -9999 -9999 -9999 -9999 -9999 -9999 -9999 34 39 70 56 57 72 77 72 85 56 36 45 49 44 44 44 52 67 62 60 65 41 48 42 40 39 62 42 9 24 22 21 67 47 69 9 41 4 21 52 87 91 86 103 93 50 43 44 40 42 48 41 47 45 43 41 35 34 32 35 40 45 42 47 50 45 42 -9999 -9999 -9999 -9999 -9999 -9999 -9999 -9999 -9999
-9999 -9999 -9999 -9999 -9999 -9999 -9999 -9999 -9999 -9999 39 70 55 55 79 72 75 84 73 56 45 44 45 55 31 54 42 58 61 58 64 65 44 49 39 44 45 44 25 6 8 7 8 8 4 4 4 27 69 87 85 114 115 120 98 49 41 40 41 41 45 46 47 40 35 35 32 33 32 29 24 41 40 57 52 45 38 -9999 -9999 -9999 -9999 -9999 -9999 -9999 -9999
-9999 -9999 -9999 -9999 -9999 -9999 -9999 -9999 -9999 -9999 -9999 46 64 68 85 85 77 74 85 50 64 49 64 50 42 33 33 55 59 73 66 75 57 44 38 45 64 48 26 22 7 5 5 4 4 4 8 57 88 118 116 97 104 139 121 73 49 41 41 41 39 47 45 46 47 38 34 31 32 27 32 30 40 36 30 35 35 39 -9999 -9999 -9999 -9999 -9999 -9999 -9999
-9999 -9999 -9999 -9999 -9999 -9999 -9999 -9999 -9999 -9999 -9999 -9999 52 54 74 86 76 76 72 97 81 70 50 66 66 60 47 69 46 50 100 67 56 46 49 42 62 63 36 26 4 4 4 4 4 3 28 51 83 122 83 81 81 111 85 84 63 42 40 41 39 48 41 43 40 48 45 26 31 28 33 25 47 34 41 40 36 39 -9999 -9999 -9999 -9999 -9999 -9999 -9999
-9999 -9999 -9999 -9999 -9999 -9999 -9999 -9999 -9999 -9999 -9999 -9999 -9999 61 77 86 92 83 136 94 73 83 90 84 79 67 56 53 40 63 86 55 46 51 47 48 43 47 42 50 7 4 4 4 4 3 46 63 120 115 113 90 88 81 71 76 88 62 43 47 42 44 44 43 41 44 47 37 35 33 25 31 25 36 31 31 32 37 35 -9999 -9999 -9999 -9999 -9999 -9999
-9999 -9999 -9999 -9999 -9999 -9999 -9999 -9999 -9999 -9999 -9999 -9999 -9999 -9999 59 60 80 83 81 76 75 74 70 88 52 53 49 62 43 48 57 46 55 47 58 47 58 54 58 44 58 22 3 3 4 2 35 62 114 96 113 98 106 93 82 83 95 113 88 47 41 44 44 44 39 43 44 41 38 39 38 25 25 39 36 33 38 44 43 -9999 -9999 -9999 -9999 -9999 -9999
-9999 -9999 -9999 -9999 -9999 -9999 -9999 -9999 -9999 -9999 -9999 -9999 -9999 -9999 48 47 72 80 70 55 66 75 63 85 77 47 42 59 56 48 50 46 35 40 37 50 44 60 54 40 51 45 11 3 4 3 24 63 118 116 116 115 119 119 115 106 116 118 117 97 82 73 63 47 39 40 40 50 38 29 41 26 24 26 41 42 36 49 52 42 -9999 -9999 -9999 -9999 -9999
-9999 -9999 -9999 -9999 -9999 -9999 -9999 -9999 -9999 -9999 -9999 -9999 -9999 -9999 -9999 47 44 52 47 27 48 62 78 70 70 74 36 44 54 49 42 47 49 37 42 56 42 47 48 48 36 72 47 7 4 4 7 59 94 117 117 118 116 117 116 116 116 116 117 117 114 97 85 70 59 55 51 49 52 41 38 45 25 24 36 41 47 45 54 47 -9999 -9999 -9999 -9999 -9999
-9999 -9999 -9999 -9999 -9999 -9999 -9999 -9999 -9999 -9999 -9999 -9999 -9999 -9999 -9999 -9999 52 50 17 16 26 62 53 67 73 91 59 42 47 54 57 52 37 38 44 43 40 55 46 46 53 58 57 32 3 4 4 36 70 118 117 118 116 116 117 117 116 116 116 117 119 118 87 93 70 52 46 45 45 45 43 31 25 26 25 42 53 42 47 53 49 -9999 -9999 -9999 -9999
-9999 -9999 -9999 -9999 -9999 -9999 -9999 -9999 -9999 -9999 -9999 -9999 -9999 -9999 -9999 -9999 -9999 13 12 10 16 19 36 46 54 75 68 99 51 53 53 33 48 36 38 14 15 39 42 46 53 65 69 40 4 4 2 41 57 118 117 117 110 108 107 117 117 116 118 117 118 118 108 100 91 86 78 71 70 58 57 48 50 40 28 33 42 27 43 59 50 44 -9999 -9999 -9999
