example_catchment/sve_2_tilavuus.asc
ncols         139
nrows         162
xllcorner     572256
yllcorner     7071344
cellsize      16
NODATA_value  -9999
[rows 37 to 73 of 162, columns 0 to 83 of 139]
-9999 -9999 -9999 -9999 -9999 -9999 -9999 -9999 -9999 -9999 -9999 0 0 0 0 0 0 0 33 96 71 123 129 116 64 83 91 101 92 105 117 128 145 168 183 179 182 165 113 149 119 122 130 119 133 155 -9999 -9999 -9999 -9999 -9999 -9999 -9999 -9999 -9999 -9999 -9999 -9999 -9999 -9999 -9999 -9999 -9999 -9999 -9999 -9999 -9999 -9999 -9999 -9999 -9999 -9999 -9999 -9999 -9999 -9999 -9999 -9999 -9999 -9999 -9999 -9999 -9999 -9999
-9999 -9999 -9999 -9999 -9999 -9999 -9999 -9999 -9999 -9999 0 0 0 0 0 0 0 0 49 102 154 195 139 198 78 97 137 92 84 138 142 112 150 190 170 169 193 178 216 165 181 152 159 174 146 189 128 -9999 -9999 -9999 -9999 -9999 -9999 -9999 -9999 -9999 -9999 -9999 -9999 -9999 -9999 -9999 -9999 -9999 -9999 -9999 -9999 -9999 -9999 -9999 -9999 -9999 -9999 -9999 -9999 -9999 -9999 -9999 -9999 -9999 -9999 -9999 -9999 -9999
-9999 -9999 -9999 -9999 -9999 -9999 -9999 -9999 -9999 0 0 0 0 0 0 0 0 0 25 54 95 106 99 159 79 127 105 67 62 77 95 157 143 107 170 187 193 205 221 187 196 177 162 137 181 104 113 170 -9999 -9999 -9999 -9999 -9999 -9999 -9999 -9999 -9999 -9999 -9999 -9999 -9999 -9999 -9999 -9999 -9999 -9999 -9999 -9999 -9999 -9999 -9999 -9999 -9999 -9999 -9999 -9999 -9999 -9999 -9999 -9999 -9999 -9999 -9999 -9999
-9999 -9999 -9999 -9999 -9999 -9999 -9999 -9999 -9999 0 0 0 0 0 0 0 0 0 5 8 63 46 110 89 154 52 73 111 113 68 163 169 123 102 137 199 215 163 176 180 177 166 182 178 155 126 176 97 147 -9999 -9999 -9999 -9999 -9999 -9999 -9999 -9999 -9999 -9999 -9999 -9999 -9999 -9999 -9999 -9999 -9999 -9999 -9999 -9999 -9999 -9999 -9999 -9999 -9999 -9999 -9999 -9999 -9999 -9999 -9999 -9999 -9999 -9999 -9999
-9999 -9999 -9999 -9999 -9999 -9999 -9999 -9999 0 0 0 0 0 0 0 0 0 0 0 6 8 69 54 82 121 55 68 108 109 91 125 134 144 82 149 165 179 177 178 182 183 179 196 185 150 191 194 127 141 183 -9999 -9999 -9999 -9999 -9999 -9999 -9999 -9999 -9999 -9999 -9999 -9999 -9999 -9999 -9999 -9999 -9999 -9999 -9999 -9999 -9999 -9999 -9999 -9999 -9999 -9999 -9999 -9999 -9999 -9999 -9999 -9999 -9999 -9999
-9999 -9999 -9999 -9999 -9999 -9999 -9999 10 0 0 0 0 0 0 0 0 0 0 0 0 0 26 13 66 136 96 110 94 187 135 82 139 118 120 126 159 193 181 176 172 180 179 188 186 142 149 146 141 115 200 147 118 -9999 -9999 -9999 -9999 -9999 -9999 -9999 -9999 -9999 -9999 -9999 -9999 -9999 -9999 -9999 -9999 -9999 -9999 -9999 -9999 -9999 -9999 -9999 -9999 -9999 -9999 -9999 -9999 -9999 -9999 -9999 -9999
-9999 -9999 -9999 -9999 -9999 -9999 19 1 9 0 0 0 0 0 0 0 0 0 0 0 0 0 17 49 54 89 83 105 140 154 222 84 143 129 80 82 154 270 213 178 168 195 188 180 172 187 146 149 163 127 161 170 181 -9999 -9999 -9999 -9999 -9999 -9999 -9999 -9999 -9999 -9999 -9999 -9999 -9999 -9999 -9999 -9999 -9999 -9999 -9999 -9999 -9999 -9999 -9999 -9999 -9999 -9999 -9999 -9999 -9999 -9999 -9999
-9999 -9999 -9999 -9999 -9999 64 35 18 9 0 0 0 0 0 0 0 0 0 0 0 0 0 0 17 68 42 119 100 116 82 88 198 156 107 119 152 157 195 145 184 183 178 166 179 171 174 148 162 106 101 128 165 149 166 -9999 -9999 -9999 -9999 -9999 -9999 -9999 -9999 -9999 -9999 -9999 -9999 -9999 -9999 -9999 -9999 -9999 -9999 -9999 -9999 -9999 -9999 -9999 -9999 -9999 -9999 -9999 -9999 -9999 -9999
-9999 -9999 -9999 -9999 138 128 80 20 12 8 0 0 0 0 0 0 0 0 0 0 0 0 0 0 14 8 47 104 131 129 192 159 241 241 306 235 177 113 191 139 196 181 178 180 163 169 182 149 141 110 133 149 196 177 156 160 -9999 -9999 -9999 -9999 -9999 -9999 -9999 -9999 -9999 -9999 -9999 -9999 -9999 -9999 -9999 -9999 -9999 -9999 -9999 -9999 -9999 -9999 -9999 -9999 -9999 -9999 -9999 -9999
-9999 -9999 -9999 191 170 182 122 122 21 8 12 39 0 0 0 0 0 0 0 0 0 0 0 0 0 38 71 107 129 117 194 238 289 146 155 137 117 142 128 131 129 173 146 239 239 155 152 151 119 198 132 121 198 176 156 150 176 -9999 -9999 -9999 -9999 -9999 -9999 -9999 -9999 -9999 -9999 -9999 -9999 -9999 -9999 -9999 -9999 -9999 -9999 -9999 -9999 -9999 -9999 -9999 -9999 -9999 -9999 -9999
-9999 -9999 -9999 131 158 163 154 105 52 125 112 98 68 54 0 0 0 0 0 0 0 0 0 0 52 125 147 127 80 123 158 130 153 84 137 166 145 133 145 155 119 168 166 193 185 224 154 138 176 179 128 148 174 130 181 148 171 234 -9999 -9999 -9999 -9999 -9999 -9999 -9999 -9999 -9999 -9999 -9999 -9999 -9999 -9999 -9999 -9999 -9999 -9999 -9999 -9999 -9999 -9999 -9999 -9999 -9999 -9999
-9999 -9999 -9999 44 129 173 228 186 115 127 107 112 92 92 100 84 0 0 0 0 0 0 18 52 84 104 77 137 150 124 132 156 131 115 111 113 102 120 93 80 97 156 134 174 195 188 200 169 217 168 154 208 131 182 114 153 175 211 202 -9999 -9999 -9999 -9999 -9999 -9999 -9999 -9999 -9999 -9999 -9999 -9999 -9999 -9999 -9999 -9999 -9999 -9999 -9999 -9999 -9999 -9999 -9999 -9999 -9999
-9999 117 61 -9999 105 107 196 215 175 95 129 140 135 147 158 94 115 133 130 66 59 170 125 102 112 69 141 185 144 159 107 73 119 104 80 110 108 85 136 68 87 75 101 147 163 170 193 187 194 151 154 208 118 124 168 117 144 150 158 176 -9999 -9999 -9999 -9999 -9999 -9999 -9999 -9999 -9999 -9999 -9999 -9999 -9999 -9999 -9999 -9999 -9999 -9999 -9999 -9999 -9999 -9999 -9999 -9999
-9999 153 97 115 118 -9999 149 116 91 109 84 86 146 139 171 164 128 183 111 167 91 140 99 142 142 147 159 66 65 30 105 88 109 96 129 130 118 98 148 148 124 103 124 78 139 143 149 194 189 146 177 180 118 161 228 125 190 145 154 162 119 -9999 -9999 -9999 -9999 -9999 -9999 -9999 -9999 -9999 -9999 -9999 -9999 -9999 -9999 -9999 -9999 -9999 -9999 -9999 -9999 -9999 -9999 -9999
145 94 124 140 162 152 76 -9999 63 100 106 108 168 196 215 168 150 153 185 192 193 135 108 164 136 91 147 -9999 106 52 23 190 138 78 79 121 106 129 136 123 137 153 83 102 173 142 156 141 151 172 122 164 175 165 194 182 136 165 171 157 142 103 -9999 -9999 -9999 -9999 -9999 -9999 -9999 -9999 -9999 -9999 -9999 -9999 -9999 -9999 -9999 -9999 -9999 -9999 -9999 -9999 -9999 -9999
151 102 139 102 143 168 159 112 127 -9999 -9999 47 56 78 94 94 147 141 148 99 116 162 111 154 124 -9999 92 174 181 -9999 113 182 100 88 137 66 84 189 153 200 157 151 125 171 157 127 140 120 155 178 155 123 170 144 149 183 162 172 149 149 125 116 118 -9999 -9999 -9999 -9999 -9999 -9999 -9999 -9999 -9999 -9999 -9999 -9999 -9999 -9999 -9999 -9999 -9999 -9999 -9999 -9999 -9999
97 108 101 103 143 232 222 202 107 151 80 110 -9999 -9999 -9999 141 67 96 34 92 116 79 109 98 -9999 102 88 86 111 115 128 -9999 87 127 114 114 69 126 102 120 146 163 120 119 117 177 118 130 114 140 135 132 152 129 153 105 192 95 90 109 126 119 139 150 -9999 -9999 -9999 -9999 -9999 -9999 -9999 -9999 -9999 -9999 -9999 -9999 -9999 -9999 -9999 -9999 -9999 -9999 -9999 -9999
-9999 107 133 95 101 191 233 236 148 157 172 171 108 134 86 132 38 -9999 -9999 -9999 128 109 133 -9999 80 94 81 94 84 118 118 139 111 -9999 -9999 97 71 57 39 82 139 168 139 111 109 138 139 147 157 135 188 154 157 166 128 112 148 130 137 137 146 89 127 168 152 -9999 -9999 -9999 -9999 -9999 -9999 -9999 -9999 -9999 -9999 -9999 -9999 -9999 -9999 -9999 -9999 -9999 -9999 -9999
-9999 152 133 105 119 105 189 221 200 184 205 168 248 137 141 130 63 38 136 73 114 142 94 97 126 137 129 163 164 91 88 92 147 37 154 -9999 -9999 108 26 75 146 153 120 143 106 142 168 124 138 105 152 157 143 77 132 101 144 129 139 126 118 91 136 164 162 164 -9999 -9999 -9999 -9999 -9999 -9999 -9999 -9999 -9999 -9999 -9999 -9999 -9999 -9999 -9999 -9999 -9999 -9999
-9999 139 136 110 103 80 142 159 208 210 220 175 171 153 140 144 101 42 85 79 135 178 160 157 155 131 81 107 140 189 164 76 76 40 48 67 102 79 -9999 -9999 172 162 78 125 161 153 143 149 120 103 120 81 89 187 85 125 87 161 132 136 100 152 136 134 143 183 102 -9999 -9999 -9999 -9999 -9999 -9999 -9999 -9999 -9999 -9999 -9999 -9999 -9999 -9999 -9999 -9999 -9999
-9999 -9999 140 142 135 127 132 149 171 152 145 146 151 152 145 143 98 27 44 78 182 188 149 158 171 165 133 103 102 141 85 86 61 10 13 13 56 42 35 53 170 111 152 142 155 151 163 130 126 83 148 104 95 129 121 57 107 141 126 165 130 125 136 140 144 126 123 107 -9999 -9999 -9999 -9999 -9999 -9999 -9999 -9999 -9999 -9999 -9999 -9999 -9999 -9999 -9999 -9999
-9999 -9999 -9999 175 173 146 140 172 171 146 142 147 147 132 170 171 117 86 106 174 167 181 160 159 156 165 155 130 127 138 81 96 12 21 19 23 10 63 12 52 29 13 89 79 103 171 156 127 144 107 67 120 116 164 89 132 225 160 143 121 134 142 172 131 95 162 115 76 87 -9999 -9999 -9999 -9999 -9999 -9999 -9999 -9999 -9999 -9999 -9999 -9999 -9999 -9999 -9999
-9999 -9999 -9999 217 219 146 143 172 170 171 143 140 142 138 163 172 142 98 87 116 178 126 155 158 158 157 166 152 120 102 143 44 54 21 26 26 22 8 7 53 100 25 44 129 101 186 169 127 123 146 145 154 139 148 139 161 157 178 179 167 146 148 119 152 168 135 92 120 140 127 -9999 -9999 -9999 -9999 -9999 -9999 -9999 -9999 -9999 -9999 -9999 -9999 -9999 -9999
-9999 -9999 -9999 -9999 204 152 151 174 172 177 176 171 171 230 235 167 171 135 26 89 153 188 156 161 155 156 156 160 123 103 81 91 111 35 18 27 17 0 8 8 12 2 60 74 110 96 148 137 137 130 149 152 162 165 125 106 152 188 146 79 107 136 87 58 127 196 145 156 140 166 156 -9999 -9999 -9999 -9999 -9999 -9999 -9999 -9999 -9999 -9999 -9999 -9999 -9999
-9999 -9999 -9999 -9999 -9999 164 158 180 191 213 212 193 182 140 237 210 150 154 139 54 111 191 151 168 170 158 152 212 164 133 128 81 121 82 49 14 13 8 10 10 7 16 8 43 32 93 123 158 137 154 159 157 156 164 155 152 169 115 130 77 145 105 57 123 106 156 158 161 156 125 115 166 -9999 -9999 -9999 -9999 -9999 -9999 -9999 -9999 -9999 -9999 -9999 -9999
-9999 -9999 -9999 -9999 -9999 -9999 145 158 172 205 219 211 191 157 209 247 196 161 110 97 107 128 169 164 162 158 154 203 205 156 165 141 151 84 129 14 8 9 24 5 3 24 18 42 35 22 63 75 119 141 177 161 163 155 173 131 155 145 154 88 122 90 90 115 86 135 157 123 156 157 172 155 136 -9999 -9999 -9999 -9999 -9999 -9999 -9999 -9999 -9999 -9999 -9999
-9999 -9999 -9999 -9999 -9999 -9999 -9999 142 140 174 186 179 186 225 174 154 137 131 137 81 154 152 129 101 164 166 152 151 150 158 165 143 166 141 94 12 8 4 13 8 2 22 22 14 11 7 11 29 86 150 215 163 161 154 182 182 155 158 137 150 137 69 59 53 81 137 99 130 148 127 91 96 103 145 -9999 -9999 -9999 -9999 -9999 -9999 -9999 -9999 -9999 -9999
-9999 -9999 -9999 -9999 -9999 -9999 -9999 -9999 203 153 173 172 210 150 149 150 137 113 174 164 63 148 162 144 107 157 164 155 153 153 152 171 167 78 45 60 13 0 0 11 13 9 15 16 19 16 0 7 52 156 180 180 157 158 163 164 165 155 155 166 131 137 188 166 169 108 97 83 139 94 97 181 128 163 141 -9999 -9999 -9999 -9999 -9999 -9999 -9999 -9999 -9999
-9999 -9999 -9999 -9999 -9999 -9999 -9999 -9999 -9999 142 173 176 185 143 165 155 161 166 115 165 148 96 64 87 98 112 151 157 189 162 151 161 181 193 130 140 18 3 2 7 8 7 56 21 18 16 1 7 80 159 178 178 147 156 156 163 170 155 165 165 164 169 144 155 171 190 66 118 120 106 111 136 174 156 138 119 -9999 -9999 -9999 -9999 -9999 -9999 -9999 -9999
-9999 -9999 -9999 -9999 -9999 -9999 -9999 -9999 -9999 142 166 178 183 134 137 156 132 145 183 129 223 136 129 63 66 107 160 184 231 213 166 150 145 147 183 63 48 9 7 6 10 19 18 47 18 7 1 46 123 162 190 182 207 202 148 161 163 156 171 167 171 167 185 170 154 155 85 157 142 148 152 172 132 143 140 155 -9999 -9999 -9999 -9999 -9999 -9999 -9999 -9999
-9999 -9999 -9999 -9999 -9999 -9999 -9999 -9999 -9999 -9999 161 177 174 135 131 133 117 156 145 139 221 208 203 108 101 106 147 193 200 233 223 253 216 179 111 125 101 7 13 9 14 0 0 0 0 1 0 58 155 177 182 230 234 246 214 150 157 156 156 153 163 157 170 171 132 158 67 129 113 77 68 108 76 168 175 130 119 -9999 -9999 -9999 -9999 -9999 -9999 -9999
-9999 -9999 -9999 -9999 -9999 -9999 -9999 -9999 -9999 -9999 -9999 173 173 223 204 152 148 123 157 123 144 219 203 182 154 102 98 139 154 204 214 239 230 176 152 125 40 42 43 13 0 3 0 0 0 0 0 81 188 243 234 214 224 286 242 199 145 156 162 163 155 151 156 162 162 126 177 156 112 94 162 76 104 99 121 97 96 120 -9999 -9999 -9999 -9999 -9999 -9999
-9999 -9999 -9999 -9999 -9999 -9999 -9999 -9999 -9999 -9999 -9999 -9999 210 188 201 240 131 147 130 179 164 211 217 201 200 218 129 136 82 181 254 214 181 171 216 157 120 97 30 38 2 2 2 2 0 0 57 102 180 250 180 178 178 224 181 181 147 157 157 158 161 150 157 161 160 163 156 58 101 112 121 67 118 75 113 87 92 119 -9999 -9999 -9999 -9999 -9999 -9999
-9999 -9999 -9999 -9999 -9999 -9999 -9999 -9999 -9999 -9999 -9999 -9999 -9999 195 227 214 238 128 191 113 139 153 213 209 246 182 178 108 90 115 200 248 195 177 171 189 208 158 90 94 7 3 0 0 0 0 82 203 236 238 240 232 229 178 168 178 231 147 169 153 172 160 160 161 173 161 171 168 69 140 67 96 53 93 103 108 96 146 135 -9999 -9999 -9999 -9999 -9999
-9999 -9999 -9999 -9999 -9999 -9999 -9999 -9999 -9999 -9999 -9999 -9999 -9999 -9999 205 202 192 185 189 151 187 152 184 208 216 196 185 151 107 113 207 163 200 182 216 183 196 179 213 127 111 43 0 0 0 0 70 242 239 237 240 235 236 230 228 230 234 240 234 191 205 162 161 161 154 163 161 143 164 117 113 52 52 99 97 126 126 114 137 -9999 -9999 -9999 -9999 -9999
-9999 -9999 -9999 -9999 -9999 -9999 -9999 -9999 -9999 -9999 -9999 -9999 -9999 -9999 207 202 226 145 218 177 168 185 187 152 135 160 223 196 112 76 94 134 187 208 182 168 217 263 249 212 130 105 13 0 0 0 46 259 238 237 236 236 232 231 218 236 235 230 226 268 215 255 234 211 161 164 203 187 140 63 110 53 70 57 110 107 88 145 175 149 -9999 -9999 -9999 -9999
-9999 -9999 -9999 -9999 -9999 -9999 -9999 -9999 -9999 -9999 -9999 -9999 -9999 -9999 -9999 206 164 209 77 50 83 128 173 126 147 231 181 171 175 116 135 73 154 112 106 187 152 176 215 215 189 178 85 6 0 0 6 122 231 223 223 231 219 226 224 221 220 221 231 228 297 271 234 240 232 251 232 209 175 172 182 133 83 69 127 109 159 106 143 138 -9999 -9999 -9999 -9999
