example_catchment/sve_example_catchment_downslope_distance.asc
NCOLS         139
NROWS         162
XLLCORNER     572256.0
YLLCORNER     7071344.0
CELLSIZE      16.0
NODATA_VALUE  -9999
[rows 31 to 61 of 162, columns 0 to 69 of 139]
-9999 -9999 -9999 -9999 -9999 -9999 -9999 -9999 -9999 -9999 -9999 -9999 -9999 61.254833 45.254833 38.62742 22.627417 22.627417 16.0 0.0 22.627417 16.0 0.0 22.627417 16.0 0.0 16.0 0.0 0.0 16.0 22.627417 38.62742 22.627417 16.0 0.0 22.627417 16.0 0.0 16.0 22.627417 -9999 -9999 -9999 -9999 -9999 -9999 -9999 -9999 -9999 -9999 -9999 -9999 -9999 -9999 -9999 -9999 -9999 -9999 -9999 -9999 -9999 -9999 -9999 -9999 -9999 -9999 -9999 -9999 -9999 -9999
-9999 -9999 -9999 -9999 -9999 -9999 -9999 -9999 -9999 -9999 -9999 -9999 -9999 67.88225 61.254833 45.254833 45.254833 38.62742 22.627417 0.0 0.0 22.627417 16.0 0.0 22.627417 16.0 0.0 22.627417 16.0 22.627417 61.254833 45.254833 38.62742 22.627417 16.0 0.0 22.627417 16.0 0.0 16.0 22.627417 -9999 -9999 -9999 -9999 -9999 -9999 -9999 -9999 -9999 -9999 -9999 -9999 -9999 -9999 -9999 -9999 -9999 -9999 -9999 -9999 -9999 -9999 -9999 -9999 -9999 -9999 -9999 -9999 -9999
-9999 -9999 -9999 -9999 -9999 -9999 -9999 -9999 -9999 -9999 -9999 -9999 -9999 83.88225 67.88225 67.88225 45.254833 22.627417 22.627417 0.0 16.0 0.0 22.627417 16.0 0.0 0.0 16.0 22.627417 45.254833 83.88225 67.88225 61.254833 45.254833 38.62742 22.627417 16.0 0.0 16.0 22.627417 0.0 16.0 22.627417 -9999 -9999 -9999 -9999 -9999 -9999 -9999 -9999 -9999 -9999 -9999 -9999 -9999 -9999 -9999 -9999 -9999 -9999 -9999 -9999 -9999 -9999 -9999 -9999 -9999 -9999 -9999 -9999
-9999 -9999 -9999 -9999 -9999 -9999 -9999 -9999 -9999 -9999 -9999 -9999 -9999 90.50967 90.50967 67.88225 38.62742 22.627417 0.0 16.0 0.0 16.0 0.0 22.627417 22.627417 16.0 22.627417 67.88225 106.50967 90.50967 83.88225 67.88225 61.254833 45.254833 38.62742 22.627417 16.0 0.0 16.0 22.627417 0.0 16.0 22.627417 -9999 -9999 -9999 -9999 -9999 -9999 -9999 -9999 -9999 -9999 -9999 -9999 -9999 -9999 -9999 -9999 -9999 -9999 -9999 -9999 -9999 -9999 -9999 -9999 -9999 -9999 -9999
-9999 -9999 -9999 -9999 -9999 -9999 -9999 -9999 -9999 -9999 -9999 -9999 113.137085 113.137085 90.50967 61.254833 45.254833 16.0 0.0 22.627417 16.0 0.0 16.0 0.0 0.0 16.0 22.627417 83.88225 113.137085 106.50967 90.50967 83.88225 67.88225 61.254833 45.254833 38.62742 22.627417 16.0 0.0 16.0 16.0 0.0 16.0 22.627417 -9999 -9999 -9999 -9999 -9999 -9999 -9999 -9999 -9999 -9999 -9999 -9999 -9999 -9999 -9999 -9999 -9999 -9999 -9999 -9999 -9999 -9999 -9999 -9999 -9999 -9999
-9999 -9999 -9999 -9999 -9999 -9999 -9999 -9999 -9999 -9999 -9999 -9999 135.7645 113.137085 83.88225 67.88225 38.62742 22.627417 0.0 0.0 22.627417 16.0 0.0 22.627417 16.0 0.0 22.627417 16.0 22.627417 113.137085 106.50967 90.50967 83.88225 67.88225 106.50967 45.254833 38.62742 22.627417 16.0 0.0 16.0 16.0 0.0 16.0 22.627417 -9999 -9999 -9999 -9999 -9999 -9999 -9999 -9999 -9999 -9999 -9999 -9999 -9999 -9999 -9999 -9999 -9999 -9999 -9999 -9999 -9999 -9999 -9999 -9999 -9999
-9999 -9999 -9999 -9999 -9999 -9999 -9999 -9999 -9999 -9999 -9999 158.39192 135.7645 106.50967 90.50967 61.254833 45.254833 22.627417 0.0 16.0 0.0 22.627417 16.0 0.0 16.0 16.0 0.0 0.0 16.0 22.627417 135.7645 106.50967 90.50967 129.13708 99.88225 83.88225 67.88225 38.62742 22.627417 16.0 0.0 16.0 16.0 0.0 16.0 22.627417 -9999 -9999 -9999 -9999 -9999 -9999 -9999 -9999 -9999 -9999 -9999 -9999 -9999 -9999 -9999 -9999 -9999 -9999 -9999 -9999 -9999 -9999 -9999 -9999
-9999 -9999 -9999 -9999 -9999 -9999 -9999 -9999 -9999 -9999 181.01933 158.39192 129.13708 113.137085 83.88225 67.88225 45.254833 22.627417 0.0 0.0 16.0 0.0 0.0 16.0 0.0 22.627417 22.627417 22.627417 0.0 22.627417 38.62742 113.137085 151.7645 122.50967 93.25484 77.25484 61.254833 45.254833 38.62742 22.627417 22.627417 0.0 16.0 16.0 0.0 16.0 22.627417 -9999 -9999 -9999 -9999 -9999 -9999 -9999 -9999 -9999 -9999 -9999 -9999 -9999 -9999 -9999 -9999 -9999 -9999 -9999 -9999 -9999 -9999 -9999
-9999 -9999 -9999 -9999 -9999 -9999 -9999 -9999 -9999 203.64676 181.01933 151.7645 135.7645 106.50967 90.50967 67.88225 45.254833 22.627417 0.0 16.0 0.0 0.0 16.0 0.0 16.0 0.0 0.0 16.0 0.0 16.0 22.627417 90.50967 145.13708 115.88225 99.88225 83.88225 61.254833 45.254833 45.254833 22.627417 16.0 0.0 0.0 22.627417 16.0 0.0 16.0 22.627417 -9999 -9999 -9999 -9999 -9999 -9999 -9999 -9999 -9999 -9999 -9999 -9999 -9999 -9999 -9999 -9999 -9999 -9999 -9999 -9999 -9999 -9999
-9999 -9999 -9999 -9999 -9999 -9999 -9999 -9999 -9999 203.64676 174.39192 158.39192 129.13708 113.137085 90.50967 67.88225 45.254833 22.627417 16.0 0.0 22.627417 16.0 0.0 16.0 0.0 16.0 16.0 0.0 16.0 0.0 22.627417 67.88225 67.88225 67.88225 106.50967 45.254833 45.254833 38.62742 22.627417 22.627417 0.0 16.0 0.0 16.0 22.627417 16.0 0.0 16.0 22.627417 -9999 -9999 -9999 -9999 -9999 -9999 -9999 -9999 -9999 -9999 -9999 -9999 -9999 -9999 -9999 -9999 -9999 -9999 -9999 -9999 -9999
-9999 -9999 -9999 -9999 -9999 -9999 -9999 -9999 226.27417 197.01933 181.01933 151.7645 135.7645 113.137085 90.50967 67.88225 45.254833 38.62742 22.627417 16.0 0.0 22.627417 16.0 0.0 16.0 0.0 22.627417 16.0 0.0 0.0 22.627417 45.254833 45.254833 45.254833 45.254833 38.62742 22.627417 22.627417 16.0 0.0 0.0 22.627417 16.0 0.0 16.0 22.627417 16.0 0.0 16.0 22.627417 -9999 -9999 -9999 -9999 -9999 -9999 -9999 -9999 -9999 -9999 -9999 -9999 -9999 -9999 -9999 -9999 -9999 -9999 -9999 -9999
-9999 -9999 -9999 -9999 -9999 -9999 -9999 248.90158 219.64676 203.64676 174.39192 158.39192 135.7645 113.137085 90.50967 67.88225 61.254833 45.254833 38.62742 22.627417 16.0 0.0 22.627417 16.0 0.0 16.0 0.0 0.0 16.0 0.0 22.627417 22.627417 22.627417 22.627417 22.627417 22.627417 16.0 0.0 0.0 22.627417 16.0 0.0 22.627417 16.0 0.0 16.0 22.627417 16.0 0.0 16.0 22.627417 -9999 -9999 -9999 -9999 -9999 -9999 -9999 -9999 -9999 -9999 -9999 -9999 -9999 -9999 -9999 -9999 -9999 -9999 -9999
-9999 -9999 -9999 -9999 -9999 -9999 22.627417 242.27417 226.27417 197.01933 181.01933 158.39192 135.7645 113.137085 90.50967 83.88225 67.88225 61.254833 45.254833 38.62742 22.627417 16.0 0.0 22.627417 16.0 0.0 22.627417 16.0 0.0 16.0 0.0 0.0 0.0 0.0 0.0 0.0 0.0 22.627417 22.627417 22.627417 22.627417 16.0 0.0 22.627417 16.0 0.0 16.0 22.627417 16.0 0.0 16.0 22.627417 -9999 -9999 -9999 -9999 -9999 -9999 -9999 -9999 -9999 -9999 -9999 -9999 -9999 -9999 -9999 -9999 -9999 -9999
-9999 -9999 -9999 -9999 -9999 0.0 16.0 22.627417 219.64676 203.64676 181.01933 158.39192 135.7645 113.137085 106.50967 90.50967 83.88225 67.88225 61.254833 45.254833 38.62742 22.627417 16.0 0.0 22.627417 16.0 0.0 22.627417 16.0 0.0 0.0 22.627417 22.627417 22.627417 22.627417 22.627417 0.0 0.0 0.0 0.0 0.0 0.0 0.0 0.0 22.627417 16.0 0.0 16.0 22.627417 16.0 0.0 16.0 22.627417 -9999 -9999 -9999 -9999 -9999 -9999 -9999 -9999 -9999 -9999 -9999 -9999 -9999 -9999 -9999 -9999 -9999
-9999 -9999 -9999 -9999 22.627417 16.0 0.0 16.0 22.627417 203.64676 181.01933 67.88225 67.88225 61.254833 67.88225 90.50967 90.50967 83.88225 67.88225 61.254833 45.254833 38.62742 22.627417 16.0 0.0 22.627417 16.0 0.0 0.0 22.627417 16.0 0.0 16.0 45.254833 45.254833 22.627417 22.627417 22.627417 22.627417 22.627417 22.627417 22.627417 22.627417 16.0 0.0 22.627417 16.0 0.0 16.0 22.627417 22.627417 0.0 22.627417 -9999 -9999 -9999 -9999 -9999 -9999 -9999 -9999 -9999 -9999 -9999 -9999 -9999 -9999 -9999 -9999 -9999
-9999 -9999 -9999 45.254833 38.62742 22.627417 16.0 0.0 16.0 22.627417 90.50967 61.254833 45.254833 45.254833 38.62742 45.254833 67.88225 83.88225 83.88225 67.88225 61.254833 45.254833 38.62742 22.627417 16.0 0.0 0.0 0.0 16.0 22.627417 22.627417 0.0 22.627417 67.88225 45.254833 38.62742 45.254833 45.254833 45.254833 45.254833 45.254833 45.254833 38.62742 22.627417 16.0 0.0 22.627417 16.0 0.0 16.0 16.0 0.0 16.0 22.627417 -9999 -9999 -9999 -9999 -9999 -9999 -9999 -9999 -9999 -9999 -9999 -9999 -9999 -9999 -9999 -9999
-9999 -9999 -9999 61.254833 45.254833 38.62742 22.627417 16.0 0.0 22.627417 16.0 67.88225 22.627417 22.627417 22.627417 16.0 22.627417 45.254833 61.254833 45.254833 67.88225 61.254833 22.627417 16.0 0.0 0.0 22.627417 16.0 0.0 0.0 0.0 0.0 0.0 16.0 90.50967 67.88225 67.88225 61.254833 67.88225 67.88225 67.88225 61.254833 45.254833 38.62742 22.627417 16.0 0.0 22.627417 16.0 0.0 16.0 22.627417 0.0 22.627417 38.62742 -9999 -9999 -9999 -9999 -9999 -9999 -9999 -9999 -9999 -9999 -9999 -9999 -9999 -9999 -9999
-9999 -9999 83.88225 67.88225 61.254833 45.254833 38.62742 22.627417 16.0 0.0 0.0 22.627417 16.0 0.0 0.0 0.0 22.627417 16.0 22.627417 38.62742 22.627417 22.627417 16.0 0.0 22.627417 16.0 0.0 0.0 22.627417 22.627417 22.627417 22.627417 16.0 0.0 16.0 22.627417 83.88225 77.25484 90.50967 90.50967 83.88225 67.88225 61.254833 45.254833 38.62742 22.627417 16.0 0.0 22.627417 16.0 0.0 16.0 0.0 16.0 22.627417 -9999 -9999 -9999 -9999 -9999 -9999 -9999 -9999 -9999 -9999 -9999 -9999 -9999 -9999 -9999
-9999 106.50967 90.50967 83.88225 67.88225 61.254833 45.254833 38.62742 22.627417 22.627417 16.0 0.0 0.0 22.627417 22.627417 16.0 0.0 0.0 22.627417 22.627417 16.0 0.0 0.0 16.0 0.0 0.0 22.627417 16.0 22.627417 45.254833 45.254833 38.62742 22.627417 16.0 0.0 16.0 38.62742 45.254833 38.62742 106.50967 90.50967 83.88225 67.88225 61.254833 45.254833 38.62742 22.627417 16.0 0.0 0.0 0.0 0.0 16.0 0.0 16.0 22.627417 -9999 -9999 -9999 -9999 -9999 -9999 -9999 -9999 -9999 -9999 -9999 -9999 -9999 -9999
-9999 113.137085 106.50967 90.50967 83.88225 67.88225 61.254833 45.254833 45.254833 38.62742 22.627417 0.0 16.0 22.627417 38.62742 22.627417 22.627417 16.0 0.0 0.0 0.0 22.627417 16.0 0.0 16.0 22.627417 22.627417 45.254833 38.62742 67.88225 61.254833 45.254833 38.62742 22.627417 16.0 0.0 22.627417 16.0 22.627417 45.254833 106.50967 90.50967 83.88225 67.88225 61.254833 45.254833 38.62742 22.627417 22.627417 22.627417 22.627417 16.0 0.0 16.0 0.0 16.0 22.627417 38.62742 -9999 -9999 -9999 -9999 -9999 -9999 -9999 -9999 -9999 -9999 -9999 -9999
135.7645 129.13708 113.137085 106.50967 90.50967 83.88225 67.88225 67.88225 61.254833 16.0 0.0 16.0 22.627417 38.62742 45.254833 45.254833 38.62742 22.627417 22.627417 22.627417 0.0 0.0 0.0 0.0 0.0 16.0 22.627417 45.254833 38.62742 83.88225 67.88225 61.254833 45.254833 38.62742 22.627417 16.0 0.0 0.0 22.627417 16.0 22.627417 45.254833 90.50967 38.62742 67.88225 61.254833 45.254833 45.254833 45.254833 45.254833 38.62742 22.627417 16.0 0.0 16.0 0.0 16.0 22.627417 38.62742 -9999 -9999 -9999 -9999 -9999 -9999 -9999 -9999 -9999 -9999 -9999
151.7645 145.13708 129.13708 113.137085 106.50967 90.50967 90.50967 83.88225 38.62742 22.627417 16.0 22.627417 61.254833 67.88225 16.0 0.0 45.254833 45.254833 45.254833 22.627417 22.627417 22.627417 22.627417 16.0 22.627417 0.0 22.627417 16.0 22.627417 38.62742 83.88225 67.88225 61.254833 45.254833 38.62742 22.627417 22.627417 16.0 0.0 0.0 22.627417 22.627417 22.627417 22.627417 16.0 22.627417 67.88225 67.88225 67.88225 61.254833 45.254833 38.62742 22.627417 0.0 22.627417 16.0 0.0 16.0 22.627417 45.254833 -9999 -9999 -9999 -9999 -9999 -9999 -9999 -9999 -9999 -9999
90.50967 83.88225 90.50967 129.13708 113.137085 113.137085 106.50967 61.254833 45.254833 38.62742 45.254833 38.62742 45.254833 38.62742 22.627417 16.0 22.627417 67.88225 45.254833 45.254833 45.254833 38.62742 45.254833 45.254833 22.627417 0.0 0.0 0.0 16.0 22.627417 38.62742 83.88225 67.88225 61.254833 45.254833 45.254833 22.627417 22.627417 22.627417 0.0 0.0 0.0 0.0 0.0 0.0 16.0 22.627417 90.50967 83.88225 67.88225 61.254833 45.254833 22.627417 16.0 0.0 22.627417 16.0 0.0 22.627417 16.0 22.627417 -9999 -9999 -9999 -9999 -9999 -9999 -9999 -9999 -9999
-9999 67.88225 67.88225 67.88225 67.88225 61.254833 83.88225 67.88225 61.254833 67.88225 61.254833 67.88225 61.254833 45.254833 38.62742 32.0 38.62742 45.254833 67.88225 67.88225 61.254833 54.62742 61.254833 38.62742 22.627417 0.0 22.627417 16.0 0.0 16.0 22.627417 38.62742 83.88225 67.88225 67.88225 22.627417 16.0 0.0 22.627417 0.0 0.0 22.627417 22.627417 22.627417 16.0 0.0 22.627417 16.0 22.627417 67.88225 67.88225 45.254833 38.62742 22.627417 0.0 0.0 0.0 16.0 0.0 0.0 16.0 22.627417 38.62742 -9999 -9999 -9999 -9999 -9999 -9999 -9999
-9999 45.254833 45.254833 45.254833 45.254833 45.254833 38.62742 45.254833 67.88225 83.88225 61.254833 45.254833 45.254833 38.62742 22.627417 16.0 22.627417 22.627417 90.50967 83.88225 77.25484 83.88225 61.254833 45.254833 0.0 45.254833 22.627417 22.627417 16.0 0.0 16.0 22.627417 45.254833 45.254833 45.254833 16.0 0.0 45.254833 22.627417 22.627417 16.0 0.0 0.0 22.627417 22.627417 16.0 0.0 0.0 16.0 22.627417 45.254833 38.62742 22.627417 22.627417 0.0 22.627417 16.0 22.627417 22.627417 16.0 0.0 16.0 22.627417 45.254833 -9999 -9999 -9999 -9999 -9999 -9999
-9999 38.62742 22.627417 22.627417 22.627417 22.627417 22.627417 16.0 22.627417 45.254833 45.254833 38.62742 22.627417 22.627417 16.0 0.0 0.0 22.627417 45.254833 99.88225 106.50967 83.88225 67.88225 22.627417 16.0 0.0 16.0 22.627417 22.627417 16.0 0.0 22.627417 22.627417 16.0 22.627417 22.627417 16.0 22.627417 45.254833 38.62742 22.627417 22.627417 16.0 0.0 0.0 22.627417 22.627417 16.0 0.0 16.0 38.62742 22.627417 16.0 0.0 16.0 22.627417 45.254833 45.254833 38.62742 22.627417 16.0 0.0 22.627417 16.0 22.627417 -9999 -9999 -9999 -9999 -9999
-9999 -9999 16.0 0.0 0.0 0.0 0.0 0.0 22.627417 22.627417 22.627417 22.627417 16.0 0.0 0.0 22.627417 0.0 22.627417 38.62742 67.88225 106.50967 90.50967 45.254833 38.62742 22.627417 16.0 0.0 22.627417 16.0 22.627417 22.627417 0.0 0.0 0.0 16.0 22.627417 22.627417 22.627417 16.0 45.254833 45.254833 38.62742 22.627417 22.627417 16.0 0.0 0.0 22.627417 22.627417 0.0 32.0 16.0 0.0 16.0 22.627417 67.88225 67.88225 61.254833 45.254833 129.13708 22.627417 16.0 0.0 0.0 22.627417 38.62742 -9999 -9999 -9999 -9999
-9999 -9999 0.0 22.627417 22.627417 22.627417 22.627417 16.0 0.0 0.0 0.0 0.0 0.0 22.627417 16.0 22.627417 0.0 22.627417 45.254833 61.254833 90.50967 67.88225 61.254833 45.254833 38.62742 22.627417 16.0 0.0 0.0 22.627417 16.0 0.0 0.0 22.627417 0.0 16.0 0.0 0.0 0.0 16.0 61.254833 45.254833 45.254833 38.62742 22.627417 22.627417 16.0 0.0 16.0 0.0 16.0 22.627417 16.0 22.627417 38.62742 90.50967 83.88225 67.88225 151.7645 135.7645 106.50967 22.627417 16.0 0.0 16.0 22.627417 -9999 -9999 -9999 -9999
-9999 -9999 -9999 38.62742 45.254833 45.254833 38.62742 22.627417 22.627417 0.0 22.627417 22.627417 0.0 22.627417 22.627417 16.0 0.0 16.0 45.254833 67.88225 90.50967 83.88225 67.88225 61.254833 45.254833 38.62742 22.627417 22.627417 16.0 0.0 0.0 22.627417 0.0 16.0 0.0 0.0 22.627417 22.627417 16.0 0.0 16.0 22.627417 61.254833 45.254833 45.254833 38.62742 22.627417 16.0 0.0 16.0 0.0 38.62742 45.254833 886.8225 870.8225 864.19507 857.5677 174.39192 158.39192 129.13708 113.137085 83.88225 22.627417 16.0 0.0 16.0 22.627417 -9999 -9999 -9999
-9999 -9999 -9999 -9999 67.88225 61.254833 45.254833 32.0 16.0 0.0 16.0 16.0 0.0 16.0 22.627417 0.0 22.627417 22.627417 45.254833 67.88225 106.50967 90.50967 83.88225 67.88225 61.254833 45.254833 45.254833 38.62742 22.627417 22.627417 16.0 0.0 0.0 22.627417 16.0 0.0 16.0 22.627417 22.627417 22.627417 0.0 22.627417 67.88225 67.88225 61.254833 45.254833 38.62742 22.627417 22.627417 0.0 22.627417 22.627417 909.44995 880.19507 864.19507 848.19507 841.5677 834.94025 151.7645 135.7645 106.50967 90.50967 61.254833 22.627417 16.0 0.0 16.0 22.627417 -9999 -9999
-9999 -9999 -9999 -9999 -9999 67.88225 54.62742 38.62742 22.627417 22.627417 0.0 22.627417 22.627417 0.0 22.627417 0.0 16.0 22.627417 45.254833 61.254833 77.25484 106.50967 90.50967 83.88225 67.88225 67.88225 61.254833 45.254833 45.254833 38.62742 22.627417 0.0 22.627417 0.0 22.627417 16.0 0.0 16.0 22.627417 22.627417 0.0 22.627417 61.254833 67.88225 67.88225 61.254833 45.254833 38.62742 22.627417 0.0 22.627417 845.44995 838.8225 832.19507 870.8225 841.5677 825.5677 818.94025 812.31287 129.13708 113.137085 83.88225 67.88225 38.62742 22.627417 22.627417 0.0 22.627417 38.62742 -9999
