example_catchment/sve_example_catchment_slope_16m.asc
NCOLS         139
NROWS         162
XLLCORNER     572256.0
YLLCORNER     7071344.0
CELLSIZE      16.0
NODATA_VALUE  -9999
[rows 120 to 149 of 162, columns 69 to 137 of 139]
-9999 2.1394846 7.2812138 13.588555 14.379972 9.084443 3.4806404 1.4041796 0.8682096 0.5816925 0.4844181 0.4769993 0.72726667 1.6712023 2.9327548 3.3893042 2.6061358 1.7686112 1.7067418 1.6659213 1.6629987 1.7977346 1.5666333 1.3584102 1.3497694 1.4202129 1.6895354 2.1703088 2.0417175 1.5302868 2.0771606 2.039092 2.0297363 1.8939463 1.8814843 1.9229802 2.0728643 2.1370523 1.9770379 2.1111472 2.7510111 3.308226 3.3759022 3.2451167 3.4219208 3.5268316 2.968081 2.7048485 3.0978916 3.1277287 2.5629492 2.3630562 1.7315252 1.0404427 -9999 -9999 -9999 -9999 -9999 -9999 -9999 -9999 -9999 -9999 -9999 -9999 -9999 -9999 -9999
-9999 0.9950123 2.0350301 7.579841 13.808014 14.691413 9.545421 3.8195872 1.3127061 0.7195418 0.55416447 0.28395668 0.31775594 0.69560456 1.6502014 2.525503 2.4988704 2.4611604 1.9196216 1.8300761 1.9573336 1.9994682 1.7723835 1.6522529 1.5187119 1.4161422 1.6341069 2.0600548 2.0338943 0.9367566 2.064385 2.2012854 2.0034778 1.76483 1.7393478 1.7917138 1.7635998 1.7074773 1.6409373 1.6805685 2.0229168 2.823075 3.6534011 3.8506875 3.640803 3.495381 3.26659 2.9468815 3.240566 3.5903652 3.166956 2.7566702 2.3648682 1.4778306 0.9230167 0.16113447 -9999 -9999 -9999 -9999 -9999 -9999 -9999 -9999 -9999 -9999 -9999 -9999 -9999
-9999 -9999 1.0238857 2.2213373 7.860111 13.972235 14.828892 9.9633 3.7071922 0.44226426 -9999 -9999 -9999 -9999 -9999 -9999 2.0547385 2.1289413 1.7528232 2.0471237 1.8787764 1.8664362 1.7889816 1.8699187 1.8512383 1.597852 1.6446816 2.0448022 2.4236586 1.146371 1.8331051 2.320743 2.0045156 1.773118 1.7403502 1.7442567 1.5882018 1.403798 1.4174794 1.5462075 1.614298 1.965618 3.022264 4.43666 4.617547 3.755817 3.4987206 3.3719332 3.5122328 3.9133437 3.5980115 3.2464552 2.8755455 2.2314508 1.6687081 1.0430454 0.5494139 0.26827103 -9999 -9999 -9999 -9999 -9999 -9999 -9999 -9999 -9999 -9999 -9999
-9999 -9999 -9999 1.0422326 1.5413479 8.19152 12.443498 6.991542 -9999 -9999 -9999 -9999 -9999 -9999 -9999 -9999 -9999 -9999 1.6672878 1.9160942 2.0271027 1.7887807 1.7651206 1.8448259 1.9522496 1.7249773 1.6086457 2.1230786 2.7856393 1.7811329 1.4118433 2.2945945 2.1174555 1.8283367 1.5988741 1.5305189 1.4907573 1.363849 1.3271976 1.4615209 1.5444332 1.5765293 2.094202 3.8128898 5.212763 4.7663083 3.8455298 3.53297 3.7695212 4.213747 3.8208616 3.291846 3.119638 2.5670536 2.0446875 1.7844305 1.3894473 0.85911363 0.55460453 -9999 -9999 -9999 -9999 -9999 -9999 -9999 -9999 -9999 -9999
-9999 -9999 -9999 2.2997692 1.2062868 2.3717763 -9999 -9999 -9999 -9999 -9999 -9999 -9999 -9999 -9999 -9999 -9999 -9999 -9999 1.5479603 1.7491841 1.5983416 2.0431626 1.9294069 1.9773304 1.8483368 1.8002611 2.4254642 2.6353192 1.7003162 0.4130968 1.9081669 2.2804523 1.908398 1.5847518 1.4685438 1.4774657 1.4369798 1.3715715 1.4110451 1.5641092 1.6468043 1.7529967 2.6273475 4.2355614 4.973688 4.5178933 4.0134954 4.184506 4.7327733 4.2526765 3.2766888 3.0938513 2.9299743 2.383865 1.9230967 1.6824965 1.5095971 1.3222352 1.0252239 -9999 -9999 -9999 -9999 -9999 -9999 -9999 -9999 -9999
-9999 -9999 -9999 -9999 -9999 -9999 -9999 -9999 -9999 -9999 -9999 -9999 -9999 -9999 -9999 -9999 -9999 -9999 -9999 -9999 -9999 1.3639656 1.8455205 2.2463603 2.1260066 1.9835055 2.0908175 2.6159885 2.5054865 2.165001 1.4528869 0.870303 2.1312091 2.1941094 1.8809502 1.6733567 1.5633321 1.4474547 1.3481193 1.3224945 1.4628836 1.6068267 1.6673316 1.9693155 3.050517 4.1257095 4.398634 4.0997267 4.109797 4.8827467 4.761055 3.5618725 2.914349 2.9033904 2.8494241 2.3691075 1.8161911 1.7497392 1.8981563 1.716923 1.278871 -9999 -9999 -9999 -9999 -9999 -9999 -9999 -9999
-9999 -9999 -9999 -9999 -9999 -9999 -9999 -9999 -9999 -9999 -9999 -9999 -9999 -9999 -9999 -9999 -9999 -9999 -9999 -9999 -9999 -9999 1.377993 2.1115344 2.7006004 2.3202593 2.2817423 2.4554417 2.2802715 2.2944934 2.2804873 1.063423 0.8763626 1.9920976 2.033514 1.6285597 1.4734225 1.3436073 1.1829895 1.1537281 1.2466476 1.237402 1.299895 1.467971 2.1401362 3.1236968 3.6055808 3.5188985 3.603267 4.4015894 4.774065 4.2984123 3.5662963 3.0611699 3.1038673 3.0831323 2.5352468 2.1104572 2.0281918 1.9588823 1.7023492 1.3253616 -9999 -9999 -9999 -9999 -9999 -9999 -9999
-9999 -9999 -9999 -9999 -9999 -9999 -9999 -9999 -9999 -9999 -9999 -9999 -9999 -9999 -9999 -9999 -9999 -9999 -9999 -9999 -9999 -9999 -9999 1.6942129 2.326963 2.7771025 2.7738328 2.5415545 2.1666086 2.2884707 2.1191437 1.5656165 0.9161768 0.89434063 1.6618948 1.2933962 1.0586866 1.0668844 1.0031302 0.9758741 1.0297757 0.95089066 0.9647255 1.1133628 1.4401308 2.397323 3.2402546 3.249368 3.2820098 3.6341608 3.824059 4.174774 4.301813 3.7147748 3.152438 3.1613123 3.0820537 2.5676425 2.162659 1.9658346 1.8968731 1.5955406 0.9225667 -9999 -9999 -9999 -9999 -9999 -9999
-9999 -9999 -9999 -9999 -9999 -9999 -9999 -9999 -9999 -9999 -9999 -9999 -9999 -9999 -9999 -9999 -9999 -9999 -9999 -9999 -9999 -9999 -9999 -9999 1.327727 2.0053887 2.8482993 2.9620936 2.641344 2.5482206 2.0922005 1.5237254 1.4461123 0.51280415 1.139263 1.2595388 0.88035256 0.7744146 0.75045675 0.6924051 0.7593467 0.68862164 0.7235006 0.9379969 1.0524665 1.8659166 3.1163929 3.5146337 3.2897801 3.0522318 2.644647 2.7678387 3.7470355 4.322958 3.782702 3.118024 3.066179 2.8174186 2.4210958 2.1215043 1.8626732 1.4089484 0.6299937 0.53488934 -9999 -9999 -9999 -9999 -9999
-9999 -9999 -9999 -9999 -9999 -9999 -9999 -9999 -9999 -9999 -9999 -9999 -9999 -9999 -9999 -9999 -9999 -9999 -9999 -9999 -9999 -9999 -9999 -9999 -9999 1.2672706 1.9274402 2.631707 3.0499473 3.0682833 2.6309166 1.9043508 1.6269941 1.0324873 0.6311799 1.4674469 1.2757415 0.8134702 0.6584478 0.57675683 0.6902488 0.62630767 0.6527986 0.8482537 0.87586033 1.4362202 2.8377876 3.5985713 3.3407764 2.9453983 2.314442 1.7720529 2.2898068 3.7838 4.608128 3.9279525 3.2467613 2.9357133 2.524704 1.9913542 1.4855686 1.289879 0.9520458 0.7007972 0.8078486 -9999 -9999 -9999 -9999
-9999 -9999 -9999 -9999 -9999 -9999 -9999 -9999 -9999 -9999 -9999 -9999 -9999 -9999 -9999 -9999 -9999 -9999 -9999 -9999 -9999 -9999 -9999 -9999 -9999 -9999 0.94031286 1.6143104 2.6075344 3.0898879 3.1058085 2.4602985 1.9180479 1.5325606 0.6795059 0.9181992 1.4392095 0.954134 0.72633266 0.66341555 0.8212223 0.7672197 0.78953445 0.92837316 0.8845331 1.3315876 3.0055592 3.4298608 2.7605736 2.9045174 2.7109292 2.059546 1.4962418 2.0960748 3.6089754 4.2772255 3.8349771 3.0988412 2.5951693 2.1671395 1.7916363 1.5927039 1.4688362 1.1316296 0.8038035 -9999 -9999 -9999 -9999
-9999 -9999 -9999 -9999 -9999 -9999 -9999 -9999 -9999 -9999 -9999 -9999 -9999 -9999 -9999 -9999 -9999 -9999 -9999 -9999 -9999 -9999 -9999 -9999 -9999 -9999 -9999 1.1597918 2.1727118 2.6053357 3.0888684 2.83433 2.2023292 1.750505 1.3583109 0.23756592 1.221431 0.8532554 0.6620339 0.68630594 0.8354304 0.7450409 0.8130373 1.0354849 1.0238619 1.3435223 3.2733085 3.693814 2.1862051 2.0573757 2.5616112 2.6096604 1.8308114 1.3974738 1.9375328 3.0926006 4.040013 3.795798 3.149658 2.8006358 2.612317 2.4156487 2.0591424 1.7192377 1.3922763 1.0612909 -9999 -9999 -9999
-9999 -9999 -9999 -9999 -9999 -9999 -9999 -9999 -9999 -9999 -9999 -9999 -9999 -9999 -9999 -9999 -9999 -9999 -9999 -9999 -9999 -9999 -9999 -9999 -9999 -9999 -9999 1.2061076 1.696758 2.2082899 2.709198 2.9123003 2.6068182 2.1211817 1.8065411 0.48707312 1.0783715 0.8767761 0.6041297 0.6125168 0.7689817 0.6865329 0.6908708 0.88879716 1.0767848 1.307789 2.9033377 3.8932006 2.5845973 1.3243548 1.3823671 2.2216742 1.9642437 1.6958278 1.871012 2.1354334 3.1346111 3.9734104 3.6733687 3.1504393 2.8736732 2.8450243 2.6972423 2.2164123 1.695501 1.3896623 1.0587014 -9999 -9999
-9999 -9999 -9999 -9999 -9999 -9999 -9999 -9999 -9999 -9999 -9999 -9999 -9999 -9999 -9999 -9999 -9999 -9999 -9999 -9999 -9999 -9999 -9999 -9999 -9999 -9999 -9999 -9999 1.0458487 1.7355127 2.4926143 2.6288693 2.6306145 2.4932723 2.2202032 1.0971898 0.5206702 1.0268492 0.74341166 0.6076853 0.7947425 0.7137167 0.64843047 0.6963809 0.9741155 1.6446891 2.588633 3.1347423 2.962051 1.7908473 0.96637183 1.6324667 1.8899497 1.5983273 1.8114469 1.8399141 2.0084608 2.9995732 3.5586848 3.4442785 3.1191208 2.92911 2.8993332 2.6005683 2.0088372 1.5340666 1.41791 1.2979473 -9999
-9999 -9999 -9999 -9999 -9999 -9999 -9999 -9999 -9999 -9999 -9999 -9999 -9999 -9999 -9999 -9999 -9999 -9999 -9999 -9999 -9999 -9999 -9999 -9999 -9999 -9999 -9999 -9999 -9999 1.2839117 2.0575805 2.0493176 2.471197 2.4140434 2.1868036 1.6768305 0.594299 0.7800759 1.0809568 0.82023734 0.90442044 0.80932844 0.7600217 0.70067465 0.91086537 2.0094907 2.846686 2.710784 2.6968834 2.5623333 1.8839123 1.6187319 1.8130951 1.608438 1.5091171 1.5621488 1.4909242 2.0131226 2.7896297 3.3195064 3.4610012 3.187905 3.077813 3.0636313 2.6815498 2.0181801 1.7342811 2.0284867 1.2002295
-9999 -9999 -9999 -9999 -9999 -9999 -9999 -9999 -9999 -9999 -9999 -9999 -9999 -9999 -9999 -9999 -9999 -9999 -9999 -9999 -9999 -9999 -9999 -9999 -9999 -9999 -9999 -9999 -9999 -9999 -9999 1.5325129 2.0792747 2.3343804 1.9639904 1.6542468 1.3170334 0.49828532 0.8879227 1.1756696 1.0804986 0.87924445 0.8431669 0.7556098 0.82738036 1.7498484 3.1053522 3.1725202 2.3999596 2.494598 2.5574806 2.0355473 1.6551594 1.5679519 1.5627788 1.5882753 1.4432148 1.7535203 2.202043 2.6116343 3.1337473 3.3324513 3.1887546 3.1122944 3.1560235 2.766097 2.327447 2.373581 2.1677077
-9999 -9999 -9999 -9999 -9999 -9999 -9999 -9999 -9999 -9999 -9999 -9999 -9999 -9999 -9999 -9999 -9999 -9999 -9999 -9999 -9999 -9999 -9999 -9999 -9999 -9999 -9999 -9999 -9999 -9999 -9999 -9999 1.5566596 1.9548497 1.9499162 1.5575366 1.3857725 1.2085581 0.60283506 0.76849985 1.1712284 1.0906073 1.0274298 0.89103496 0.7434343 1.1193635 2.4964454 3.3265517 2.5868807 2.2132416 2.4865382 2.4694104 1.9062275 1.2795424 1.2971448 1.6877397 1.6239249 1.7334656 2.0307884 2.2903397 2.6594589 3.0905027 3.2122037 2.9164221 3.0922885 3.335473 3.0873249 2.8330119 2.5056615
-9999 -9999 -9999 -9999 -9999 -9999 -9999 -9999 -9999 -9999 -9999 -9999 -9999 -9999 -9999 -9999 -9999 -9999 -9999 -9999 -9999 -9999 -9999 -9999 -9999 -9999 -9999 -9999 -9999 -9999 -9999 -9999 -9999 1.1569346 1.5304228 1.1852826 1.3816657 1.4320731 1.3886101 0.93373376 0.5165396 0.43354455 0.73900676 1.0289925 0.87369883 0.9215256 1.8560095 2.9925196 2.9199665 2.258655 1.9865648 2.0731435 2.1634812 1.746259 1.5031298 1.8447955 1.86387 1.6321204 1.8180882 2.4060836 2.7744203 2.8654702 3.1946528 3.1787837 2.9592154 3.1616669 3.3994899 3.222903 2.686952
-9999 -9999 -9999 -9999 -9999 -9999 -9999 -9999 -9999 -9999 -9999 -9999 -9999 -9999 -9999 -9999 -9999 -9999 -9999 -9999 -9999 -9999 -9999 -9999 -9999 -9999 -9999 -9999 -9999 -9999 -9999 -9999 -9999 -9999 -9999 0.83163166 0.9887268 1.1928339 1.3019115 1.3504201 1.1952474 0.8948808 0.31118166 0.77874047 1.0785697 0.96406627 1.2333084 2.0121555 2.555042 2.5869005 1.7120742 1.0096068 1.591819 1.9552252 1.8552315 1.7122482 1.740991 1.7530638 1.8508276 2.0381792 2.3099144 2.5890338 2.8515036 3.2602608 3.1453483 2.853969 2.9885988 3.2348943 2.7385862
-9999 -9999 -9999 -9999 -9999 -9999 -9999 -9999 -9999 -9999 -9999 -9999 -9999 -9999 -9999 -9999 -9999 -9999 -9999 -9999 -9999 -9999 -9999 -9999 -9999 -9999 -9999 -9999 -9999 -9999 -9999 -9999 -9999 -9999 -9999 -9999 0.4916793 0.8586535 0.6854618 0.97357947 1.2262241 1.153711 0.9717414 0.49450034 0.8317532 1.0872557 1.1073084 1.4263103 2.2597039 3.3637805 2.2032778 0.31008476 0.5920404 1.096647 1.1826507 1.1116428 1.2540958 1.756977 1.8206323 1.4188763 1.5067738 2.112662 2.4226346 2.7037358 2.9572377 2.8907695 2.7266767 2.4119296 2.0381367
-9999 -9999 -9999 -9999 -9999 -9999 -9999 -9999 -9999 -9999 -9999 -9999 -9999 -9999 -9999 -9999 -9999 -9999 -9999 -9999 -9999 -9999 -9999 -9999 -9999 -9999 -9999 -9999 -9999 -9999 -9999 -9999 -9999 -9999 -9999 -9999 -9999 -9999 0.22505456 0.3993926 1.0750941 1.527209 1.518224 1.1606818 0.50087726 0.9640852 1.2600256 1.3028426 2.1114178 3.8389587 3.1412256 1.2502748 0.6325835 0.5291917 0.61729455 0.6806197 1.2283658 1.5116838 1.3833922 1.0855861 1.2095573 1.6269611 2.0131495 2.29142 2.4986546 2.8035119 2.4855318 1.5206354 -9999
-9999 -9999 -9999 -9999 -9999 -9999 -9999 -9999 -9999 -9999 -9999 -9999 -9999 -9999 -9999 -9999 -9999 -9999 -9999 -9999 -9999 -9999 -9999 -9999 -9999 -9999 -9999 -9999 -9999 -9999 -9999 -9999 -9999 -9999 -9999 -9999 -9999 -9999 -9999 0.19823316 0.28963476 1.2534047 2.2584412 2.2548094 1.3013765 0.4795664 1.1605939 1.1920929 1.6989648 3.5014958 3.8424788 2.7951608 1.7534851 1.0828614 0.70158446 0.54750514 1.1464319 1.0724554 1.2262967 1.0408562 0.894494 1.0037498 1.3565953 1.8430347 1.9496427 1.6348199 1.4085367 -9999 -9999
-9999 -9999 -9999 -9999 -9999 -9999 -9999 -9999 -9999 -9999 -9999 -9999 -9999 -9999 -9999 -9999 -9999 -9999 -9999 -9999 -9999 -9999 -9999 -9999 -9999 -9999 -9999 -9999 -9999 -9999 -9999 -9999 -9999 -9999 -9999 -9999 -9999 -9999 -9999 -9999 0.48245904 0.51545835 1.5394431 3.0507312 2.6523714 1.2075117 0.56696934 1.1097687 1.2473521 2.3637795 3.3154087 3.2069395 2.646638 2.016733 1.1702466 0.6113541 0.98762745 0.6322114 1.0493593 1.1854619 0.7933384 0.7497906 1.0869013 1.3301436 1.2807853 -9999 -9999 -9999 -9999
-9999 -9999 -9999 -9999 -9999 -9999 -9999 -9999 -9999 -9999 -9999 -9999 -9999 -9999 -9999 -9999 -9999 -9999 -9999 -9999 -9999 -9999 -9999 -9999 -9999 -9999 -9999 -9999 -9999 -9999 -9999 -9999 -9999 -9999 -9999 -9999 -9999 -9999 -9999 -9999 -9999 1.2138671 0.74235404 1.861086 3.2377276 2.5252826 0.8103827 0.7078408 1.0974247 1.3236897 1.9626347 2.6545355 2.9778683 2.8044581 2.002051 1.2682421 0.98757017 0.6951872 0.69868255 1.0796027 1.053283 0.8582194 0.8660615 0.94270194 -9999 -9999 -9999 -9999 -9999
-9999 -9999 -9999 -9999 -9999 -9999 -9999 -9999 -9999 -9999 -9999 -9999 -9999 -9999 -9999 -9999 -9999 -9999 -9999 -9999 -9999 -9999 -9999 -9999 -9999 -9999 -9999 -9999 -9999 -9999 -9999 -9999 -9999 -9999 -9999 -9999 -9999 -9999 -9999 -9999 -9999 1.1555699 1.4985837 0.3093974 2.4249089 3.0792117 1.9730262 0.3431262 0.9988333 1.3699934 1.3201851 1.6952586 2.5426025 2.9555395 2.6396582 2.1251864 1.3931751 0.83929515 0.60214216 0.7943469 1.1207275 1.0643446 0.71776396 -9999 -9999 -9999 -9999 -9999 -9999
-9999 -9999 -9999 -9999 -9999 -9999 -9999 -9999 -9999 -9999 -9999 -9999 -9999 -9999 -9999 -9999 -9999 -9999 -9999 -9999 -9999 -9999 -9999 -9999 -9999 -9999 -9999 -9999 -9999 -9999 -9999 -9999 -9999 -9999 -9999 -9999 -9999 -9999 -9999 -9999 -9999 -9999 1.192223 1.0391082 1.0471936 2.505979 2.5809731 1.3954548 0.25011137 1.330737 1.6495446 1.599004 1.9915595 2.4174657 2.471561 2.3026125 1.8196568 1.1523651 0.72631115 0.5720383 0.7678022 1.164601 0.9879068 -9999 -9999 -9999 -9999 -9999 -9999
-9999 -9999 -9999 -9999 -9999 -9999 -9999 -9999 -9999 -9999 -9999 -9999 -9999 -9999 -9999 -9999 -9999 -9999 -9999 -9999 -9999 -9999 -9999 -9999 -9999 -9999 -9999 -9999 -9999 -9999 -9999 -9999 -9999 -9999 -9999 -9999 -9999 -9999 -9999 -9999 -9999 -9999 -9999 1.2140138 1.3267064 1.2721622 2.1095612 1.9854007 0.961258 0.58758396 1.5033653 1.9661335 2.0851994 2.0016809 1.874681 2.041407 2.1309764 1.661723 1.0568385 0.65174294 0.6313479 1.1991462 1.1346292 -9999 -9999 -9999 -9999 -9999 -9999
-9999 -9999 -9999 -9999 -9999 -9999 -9999 -9999 -9999 -9999 -9999 -9999 -9999 -9999 -9999 -9999 -9999 -9999 -9999 -9999 -9999 -9999 -9999 -9999 -9999 -9999 -9999 -9999 -9999 -9999 -9999 -9999 -9999 -9999 -9999 -9999 -9999 -9999 -9999 -9999 -9999 -9999 -9999 -9999 1.2480645 1.4522393 1.3084505 1.79906 1.4633594 0.8167046 1.178808 1.9783756 2.320892 2.0504978 1.5652599 1.4582281 1.791701 1.7293875 1.2498853 1.0001503 1.0656147 1.6917329 1.2313191 -9999 -9999 -9999 -9999 -9999 -9999
-9999 -9999 -9999 -9999 -9999 -9999 -9999 -9999 -9999 -9999 -9999 -9999 -9999 -9999 -9999 -9999 -9999 -9999 -9999 -9999 -9999 -9999 -9999 -9999 -9999 -9999 -9999 -9999 -9999 -9999 -9999 -9999 -9999 -9999 -9999 -9999 -9999 -9999 -9999 -9999 -9999 -9999 -9999 -9999 -9999 1.8069539 1.8425478 1.4833944 1.5438447 1.3629055 1.3276911 1.6767535 2.3117626 2.1262338 1.7536086 1.2876201 1.3792495 1.6063257 1.3882273 1.41556 1.9013935 2.3527222 1.5218275 -9999 -9999 -9999 -9999 -9999 -9999
-9999 -9999 -9999 -9999 -9999 -9999 -9999 -9999 -9999 -9999 -9999 -9999 -9999 -9999 -9999 -9999 -9999 -9999 -9999 -9999 -9999 -9999 -9999 -9999 -9999 -9999 -9999 -9999 -9999 -9999 -9999 -9999 -9999 -9999 -9999 -9999 -9999 -9999 -9999 -9999 -9999 -9999 -9999 -9999 -9999 1.198718 2.099599 1.9718845 1.5082456 1.674762 1.5956672 1.3286083 2.248778 2.043904 1.8618195 1.5836267 1.5951228 1.8367623 1.8370765 1.9075408 2.4499984 2.5933416 1.6619881 -9999 -9999 -9999 -9999 -9999 -9999
