example_catchment/sve_2_keskipituus.asc
ncols         139
nrows         162
xllcorner     572256
yllcorner     7071344
cellsize      16
NODATA_value  -9999
[rows 37 to 73 of 162, columns 0 to 82 of 139]
-9999 -9999 -9999 -9999 -9999 -9999 -9999 -9999 -9999 -9999 -9999 0 0 0 0 0 0 0 59 134 130 130 133 123 114 97 105 125 108 104 134 159 155 162 161 165 163 155 154 144 141 135 125 125 140 157 -9999 -9999 -9999 -9999 -9999 -9999 -9999 -9999 -9999 -9999 -9999 -9999 -9999 -9999 -9999 -9999 -9999 -9999 -9999 -9999 -9999 -9999 -9999 -9999 -9999 -9999 -9999 -9999 -9999 -9999 -9999 -9999 -9999 -9999 -9999 -9999 -9999
-9999 -9999 -9999 -9999 -9999 -9999 -9999 -9999 -9999 -9999 0 0 0 0 0 0 0 0 87 126 145 136 128 168 108 109 153 120 113 110 142 141 154 166 160 160 164 166 169 159 151 167 151 155 154 167 161 -9999 -9999 -9999 -9999 -9999 -9999 -9999 -9999 -9999 -9999 -9999 -9999 -9999 -9999 -9999 -9999 -9999 -9999 -9999 -9999 -9999 -9999 -9999 -9999 -9999 -9999 -9999 -9999 -9999 -9999 -9999 -9999 -9999 -9999 -9999 -9999
-9999 -9999 -9999 -9999 -9999 -9999 -9999 -9999 -9999 0 0 0 0 0 0 0 0 0 58 97 144 136 122 171 114 136 117 118 102 97 111 138 131 156 160 164 164 167 169 147 157 157 157 148 159 150 149 172 -9999 -9999 -9999 -9999 -9999 -9999 -9999 -9999 -9999 -9999 -9999 -9999 -9999 -9999 -9999 -9999 -9999 -9999 -9999 -9999 -9999 -9999 -9999 -9999 -9999 -9999 -9999 -9999 -9999 -9999 -9999 -9999 -9999 -9999 -9999
-9999 -9999 -9999 -9999 -9999 -9999 -9999 -9999 -9999 0 0 0 0 0 0 0 0 0 21 46 126 78 117 94 148 94 112 126 138 114 134 148 103 140 155 162 172 139 157 161 158 142 152 161 149 163 159 154 155 -9999 -9999 -9999 -9999 -9999 -9999 -9999 -9999 -9999 -9999 -9999 -9999 -9999 -9999 -9999 -9999 -9999 -9999 -9999 -9999 -9999 -9999 -9999 -9999 -9999 -9999 -9999 -9999 -9999 -9999 -9999 -9999 -9999 -9999
-9999 -9999 -9999 -9999 -9999 -9999 -9999 -9999 0 0 0 0 0 0 0 0 0 0 0 24 45 79 105 71 129 92 106 138 145 138 106 117 117 132 155 169 150 148 145 154 169 158 159 153 171 170 170 161 170 158 -9999 -9999 -9999 -9999 -9999 -9999 -9999 -9999 -9999 -9999 -9999 -9999 -9999 -9999 -9999 -9999 -9999 -9999 -9999 -9999 -9999 -9999 -9999 -9999 -9999 -9999 -9999 -9999 -9999 -9999 -9999 -9999 -9999
-9999 -9999 -9999 -9999 -9999 -9999 -9999 34 0 0 0 0 0 0 0 0 0 0 0 0 0 31 31 105 132 143 149 109 155 162 134 121 108 108 123 158 184 167 142 131 162 157 147 162 170 160 165 164 166 160 144 160 -9999 -9999 -9999 -9999 -9999 -9999 -9999 -9999 -9999 -9999 -9999 -9999 -9999 -9999 -9999 -9999 -9999 -9999 -9999 -9999 -9999 -9999 -9999 -9999 -9999 -9999 -9999 -9999 -9999 -9999 -9999
-9999 -9999 -9999 -9999 -9999 -9999 32 28 31 0 0 0 0 0 0 0 0 0 0 0 0 0 46 66 86 120 120 124 155 157 172 131 117 115 81 101 145 195 164 147 144 160 147 150 155 162 157 169 162 133 162 157 157 -9999 -9999 -9999 -9999 -9999 -9999 -9999 -9999 -9999 -9999 -9999 -9999 -9999 -9999 -9999 -9999 -9999 -9999 -9999 -9999 -9999 -9999 -9999 -9999 -9999 -9999 -9999 -9999 -9999 -9999
-9999 -9999 -9999 -9999 -9999 105 65 33 33 0 0 0 0 0 0 0 0 0 0 0 0 0 0 38 79 96 107 150 115 139 142 158 149 131 126 141 151 159 166 147 152 143 142 157 166 153 158 165 138 144 138 148 144 159 -9999 -9999 -9999 -9999 -9999 -9999 -9999 -9999 -9999 -9999 -9999 -9999 -9999 -9999 -9999 -9999 -9999 -9999 -9999 -9999 -9999 -9999 -9999 -9999 -9999 -9999 -9999 -9999 -9999
-9999 -9999 -9999 -9999 157 127 106 59 45 37 0 0 0 0 0 0 0 0 0 0 0 0 0 0 32 32 110 150 127 135 159 172 177 155 194 182 173 147 163 164 153 151 148 152 147 168 150 174 136 138 135 145 163 151 162 162 -9999 -9999 -9999 -9999 -9999 -9999 -9999 -9999 -9999 -9999 -9999 -9999 -9999 -9999 -9999 -9999 -9999 -9999 -9999 -9999 -9999 -9999 -9999 -9999 -9999 -9999 -9999
-9999 -9999 -9999 134 128 146 128 134 77 25 22 65 0 0 0 0 0 0 0 0 0 0 0 0 0 62 118 130 135 126 153 175 194 142 139 138 127 122 137 129 138 164 160 163 161 144 157 150 164 162 142 131 171 151 161 155 167 -9999 -9999 -9999 -9999 -9999 -9999 -9999 -9999 -9999 -9999 -9999 -9999 -9999 -9999 -9999 -9999 -9999 -9999 -9999 -9999 -9999 -9999 -9999 -9999 -9999 -9999
-9999 -9999 -9999 118 118 142 119 121 100 116 93 97 102 79 0 0 0 0 0 0 0 0 0 0 93 121 128 145 128 149 134 120 150 91 128 140 138 123 114 139 123 158 162 163 164 159 144 157 143 155 160 131 171 138 158 166 168 171 -9999 -9999 -9999 -9999 -9999 -9999 -9999 -9999 -9999 -9999 -9999 -9999 -9999 -9999 -9999 -9999 -9999 -9999 -9999 -9999 -9999 -9999 -9999 -9999 -9999
-9999 -9999 -9999 88 126 153 167 141 121 140 128 132 106 105 153 120 0 0 0 0 0 0 46 106 89 152 128 141 156 142 142 138 125 126 114 126 112 103 109 101 100 137 149 158 164 162 162 161 169 154 167 164 129 167 143 165 166 161 164 -9999 -9999 -9999 -9999 -9999 -9999 -9999 -9999 -9999 -9999 -9999 -9999 -9999 -9999 -9999 -9999 -9999 -9999 -9999 -9999 -9999 -9999 -9999 -9999
-9999 110 71 -9999 118 131 166 179 128 142 124 121 111 114 140 105 146 125 123 98 116 115 126 149 134 127 143 165 137 141 125 98 125 123 110 125 127 97 138 97 123 91 117 142 159 163 164 164 164 156 165 162 135 125 144 150 150 157 160 158 -9999 -9999 -9999 -9999 -9999 -9999 -9999 -9999 -9999 -9999 -9999 -9999 -9999 -9999 -9999 -9999 -9999 -9999 -9999 -9999 -9999 -9999 -9999
-9999 161 122 104 143 -9999 115 131 146 112 104 131 126 125 136 142 115 149 169 144 110 137 141 138 136 146 121 127 96 39 114 99 110 103 130 131 123 113 122 123 126 113 106 125 151 162 164 166 166 155 150 169 137 134 160 148 169 168 148 166 149 -9999 -9999 -9999 -9999 -9999 -9999 -9999 -9999 -9999 -9999 -9999 -9999 -9999 -9999 -9999 -9999 -9999 -9999 -9999 -9999 -9999 -9999
128 120 150 156 153 153 112 -9999 100 98 103 131 163 183 157 157 143 136 151 160 130 186 140 153 136 127 146 -9999 122 72 35 135 111 105 106 121 107 123 117 138 137 134 112 124 161 170 161 167 157 159 154 165 168 164 178 162 131 130 162 159 132 114 -9999 -9999 -9999 -9999 -9999 -9999 -9999 -9999 -9999 -9999 -9999 -9999 -9999 -9999 -9999 -9999 -9999 -9999 -9999 -9999 -9999
138 121 121 139 119 158 168 134 144 -9999 -9999 116 116 91 136 127 138 132 115 102 126 147 113 139 125 -9999 133 145 151 -9999 140 173 131 112 119 91 84 145 146 173 138 140 134 158 157 133 131 135 163 163 162 148 161 170 164 167 134 139 165 161 136 99 104 -9999 -9999 -9999 -9999 -9999 -9999 -9999 -9999 -9999 -9999 -9999 -9999 -9999 -9999 -9999 -9999 -9999 -9999 -9999 -9999
112 120 107 117 128 188 142 205 149 164 107 117 -9999 -9999 -9999 130 96 142 75 104 113 100 117 119 -9999 127 130 120 142 148 155 -9999 103 154 129 130 93 114 116 113 143 147 131 141 145 180 126 136 134 150 158 153 158 160 172 153 162 137 147 146 114 125 117 120 -9999 -9999 -9999 -9999 -9999 -9999 -9999 -9999 -9999 -9999 -9999 -9999 -9999 -9999 -9999 -9999 -9999 -9999 -9999
-9999 127 121 123 124 146 159 162 177 183 147 155 143 141 127 133 80 -9999 -9999 -9999 133 131 111 -9999 126 91 93 95 90 97 121 153 148 -9999 -9999 83 70 56 44 97 134 149 153 131 139 151 157 148 158 160 157 142 151 147 170 154 162 162 151 134 144 111 108 128 131 -9999 -9999 -9999 -9999 -9999 -9999 -9999 -9999 -9999 -9999 -9999 -9999 -9999 -9999 -9999 -9999 -9999 -9999
-9999 157 132 126 125 120 155 165 161 147 165 173 180 146 133 126 112 42 133 114 139 149 95 109 127 123 114 153 155 95 91 96 134 70 113 -9999 -9999 115 34 87 139 137 114 152 131 141 155 153 130 122 141 143 138 145 126 143 143 144 151 135 115 98 137 148 130 125 -9999 -9999 -9999 -9999 -9999 -9999 -9999 -9999 -9999 -9999 -9999 -9999 -9999 -9999 -9999 -9999 -9999
-9999 134 141 132 122 110 139 128 150 151 158 169 142 136 128 145 126 86 92 118 151 148 146 133 122 118 92 106 141 152 154 113 89 47 51 73 84 125 -9999 -9999 131 122 94 115 145 140 165 140 117 95 108 103 140 134 118 142 103 176 157 134 97 131 134 133 125 137 109 -9999 -9999 -9999 -9999 -9999 -9999 -9999 -9999 -9999 -9999 -9999 -9999 -9999 -9999 -9999 -9999
-9999 -9999 134 141 140 140 133 121 136 129 121 120 126 129 124 124 133 37 92 94 152 166 115 127 136 128 108 106 110 158 131 109 62 35 22 43 84 89 65 107 128 99 125 140 136 136 149 141 128 100 135 103 149 134 135 107 169 144 160 149 114 124 132 149 137 106 105 128 -9999 -9999 -9999 -9999 -9999 -9999 -9999 -9999 -9999 -9999 -9999 -9999 -9999 -9999 -9999
-9999 -9999 -9999 142 147 126 121 132 137 123 129 123 124 132 133 135 138 70 173 182 164 153 142 145 133 134 123 119 118 141 108 103 52 23 30 32 37 109 48 96 38 39 95 118 131 135 140 146 130 139 129 131 130 135 135 164 171 168 160 137 115 125 147 162 122 160 112 114 105 -9999 -9999 -9999 -9999 -9999 -9999 -9999 -9999 -9999 -9999 -9999 -9999 -9999 -9999
-9999 -9999 -9999 149 157 117 122 139 151 132 123 120 128 133 141 133 138 134 85 128 142 153 136 128 126 124 135 131 96 112 121 68 66 33 33 33 23 31 31 99 66 43 52 135 96 145 132 147 146 141 141 148 148 139 150 142 143 176 181 140 123 126 111 148 136 118 140 144 139 126 -9999 -9999 -9999 -9999 -9999 -9999 -9999 -9999 -9999 -9999 -9999 -9999 -9999
-9999 -9999 -9999 -9999 156 125 119 146 181 191 170 153 164 174 164 135 132 106 55 87 133 157 137 122 111 112 126 144 116 110 112 142 120 33 77 28 29 5 24 15 36 12 57 80 136 95 133 134 142 149 133 140 143 143 155 146 155 170 131 121 99 120 90 85 126 166 157 160 149 145 150 -9999 -9999 -9999 -9999 -9999 -9999 -9999 -9999 -9999 -9999 -9999 -9999
-9999 -9999 -9999 -9999 -9999 146 133 145 202 187 181 177 178 160 163 154 137 131 133 106 116 152 123 118 118 112 122 134 141 115 108 95 133 104 59 15 14 19 13 12 26 30 41 38 29 81 127 173 135 138 136 135 137 138 138 147 141 142 129 102 132 117 67 105 93 145 140 160 167 136 136 165 -9999 -9999 -9999 -9999 -9999 -9999 -9999 -9999 -9999 -9999 -9999
-9999 -9999 -9999 -9999 -9999 -9999 134 135 183 195 183 182 174 169 169 180 159 128 105 121 145 106 143 141 120 123 113 159 162 132 135 118 125 112 118 44 29 13 42 14 16 25 18 42 21 42 74 84 140 146 157 130 150 149 157 123 136 140 147 96 126 93 79 101 113 131 133 118 158 134 140 152 125 -9999 -9999 -9999 -9999 -9999 -9999 -9999 -9999 -9999 -9999
-9999 -9999 -9999 -9999 -9999 -9999 -9999 116 116 176 196 190 177 170 166 167 147 137 103 118 118 129 136 130 133 129 112 114 115 127 135 125 134 96 120 46 30 20 18 22 14 21 21 16 41 12 17 50 124 165 178 132 138 146 152 152 145 140 147 132 137 97 81 84 102 143 113 121 142 108 104 117 125 152 -9999 -9999 -9999 -9999 -9999 -9999 -9999 -9999 -9999
-9999 -9999 -9999 -9999 -9999 -9999 -9999 -9999 161 132 172 181 176 144 142 154 155 130 126 118 100 129 176 140 138 135 131 126 114 114 134 135 160 98 89 86 38 5 4 13 22 34 46 27 20 29 3 20 77 148 142 169 139 144 139 140 148 142 141 147 116 115 135 141 142 127 124 100 133 130 112 159 141 153 150 -9999 -9999 -9999 -9999 -9999 -9999 -9999 -9999
-9999 -9999 -9999 -9999 -9999 -9999 -9999 -9999 -9999 116 170 188 175 142 164 144 147 150 132 121 141 124 111 111 139 142 139 126 128 118 122 139 153 148 108 134 39 15 15 27 29 41 96 46 30 29 5 20 100 150 163 159 157 140 146 140 147 142 128 127 150 141 125 143 139 145 98 115 103 135 125 144 153 165 158 114 -9999 -9999 -9999 -9999 -9999 -9999 -9999
-9999 -9999 -9999 -9999 -9999 -9999 -9999 -9999 -9999 116 147 193 175 125 155 142 144 157 143 106 160 157 145 110 108 127 152 147 169 170 119 123 144 136 137 104 70 22 26 24 36 62 68 93 32 22 5 53 118 144 153 143 149 175 125 143 145 126 125 126 123 149 153 142 130 120 102 120 114 123 136 143 142 150 146 141 -9999 -9999 -9999 -9999 -9999 -9999 -9999
-9999 -9999 -9999 -9999 -9999 -9999 -9999 -9999 -9999 -9999 146 193 169 128 161 141 153 163 143 136 160 149 157 148 96 147 123 160 153 177 178 190 142 144 127 103 96 32 37 13 25 7 9 8 4 5 3 61 147 146 143 157 153 160 177 124 135 127 134 139 139 136 148 143 116 120 97 113 97 81 68 120 95 150 153 127 113 -9999 -9999 -9999 -9999 -9999 -9999
-9999 -9999 -9999 -9999 -9999 -9999 -9999 -9999 -9999 -9999 -9999 152 183 163 171 160 144 166 145 130 156 156 156 157 140 105 103 128 145 170 169 187 161 130 123 126 77 54 50 31 7 5 3 2 4 3 9 119 146 158 159 145 148 184 156 175 129 127 140 135 126 123 133 142 142 124 124 119 98 92 119 81 115 97 99 105 96 114 -9999 -9999 -9999 -9999 -9999
-9999 -9999 -9999 -9999 -9999 -9999 -9999 -9999 -9999 -9999 -9999 -9999 171 157 165 174 152 143 145 166 155 161 156 161 161 171 129 133 124 156 188 170 141 142 155 132 132 133 51 38 2 3 3 3 2 1 58 117 144 161 145 145 144 157 143 152 156 126 126 124 123 124 125 145 124 149 143 88 103 92 115 69 126 105 125 114 100 114 -9999 -9999 -9999 -9999 -9999
-9999 -9999 -9999 -9999 -9999 -9999 -9999 -9999 -9999 -9999 -9999 -9999 -9999 149 180 166 185 162 176 133 141 171 183 155 177 153 159 130 102 130 159 165 149 153 142 136 151 155 98 111 8 3 2 2 2 1 100 149 186 191 193 175 172 146 143 163 180 157 126 121 126 133 133 130 122 131 147 133 115 105 69 91 63 113 112 96 96 121 116 -9999 -9999 -9999 -9999
-9999 -9999 -9999 -9999 -9999 -9999 -9999 -9999 -9999 -9999 -9999 -9999 -9999 -9999 150 150 154 170 154 145 150 157 157 173 153 144 139 135 111 107 159 149 162 141 169 146 153 139 168 135 117 43 1 2 2 1 82 174 191 179 192 179 181 176 172 174 177 193 192 133 131 131 134 132 114 129 132 128 134 109 106 62 62 122 108 114 116 116 122 -9999 -9999 -9999 -9999
-9999 -9999 -9999 -9999 -9999 -9999 -9999 -9999 -9999 -9999 -9999 -9999 -9999 -9999 137 134 176 144 162 139 157 157 152 169 164 150 144 162 155 125 126 137 139 145 143 158 143 182 164 140 137 105 21 1 2 2 48 177 188 190 190 192 189 190 180 181 191 191 194 190 183 190 170 137 129 118 129 166 130 93 125 64 69 65 121 128 105 136 148 145 -9999 -9999 -9999
-9999 -9999 -9999 -9999 -9999 -9999 -9999 -9999 -9999 -9999 -9999 -9999 -9999 -9999 -9999 137 148 164 96 63 117 145 159 146 151 162 131 155 149 107 112 117 174 130 124 171 133 152 139 139 125 196 105 8 2 2 8 148 176 196 195 191 198 195 196 198 198 197 194 194 222 191 189 176 165 167 159 139 157 133 136 128 73 67 101 124 128 128 133 153 -9999 -9999 -9999
