example_catchment/sve_example_catchment_bm_lehtip_juuret.asc
ncols         139
nrows         162
xllcorner     572256
yllcorner     7071344
cellsize      16
NODATA_value  -9999
[rows 37 to 73 of 162, columns 0 to 83 of 139]
-9999 -9999 -9999 -9999 -9999 -9999 -9999 -9999 -9999 -9999 -9999 0 0 0 0 0 0 0 126 460 403 428 380 549 146 291 489 489 441 397 368 357 484 101 62 33 131 253 93 428 299 641 371 614 369 408 -9999 -9999 -9999 -9999 -9999 -9999 -9999 -9999 -9999 -9999 -9999 -9999 -9999 -9999 -9999 -9999 -9999 -9999 -9999 -9999 -9999 -9999 -9999 -9999 -9999 -9999 -9999 -9999 -9999 -9999 -9999 -9999 -9999 -9999 -9999 -9999 -9999 -9999
-9999 -9999 -9999 -9999 -9999 -9999 -9999 -9999 -9999 -9999 0 0 0 0 0 0 0 0 208 428 734 934 714 1327 369 541 1149 326 296 1300 716 420 404 260 63 66 172 212 154 201 235 56 353 336 336 419 118 -9999 -9999 -9999 -9999 -9999 -9999 -9999 -9999 -9999 -9999 -9999 -9999 -9999 -9999 -9999 -9999 -9999 -9999 -9999 -9999 -9999 -9999 -9999 -9999 -9999 -9999 -9999 -9999 -9999 -9999 -9999 -9999 -9999 -9999 -9999 -9999 -9999
-9999 -9999 -9999 -9999 -9999 -9999 -9999 -9999 -9999 0 0 0 0 0 0 0 0 0 23 276 444 352 522 1051 460 1156 964 396 274 256 488 506 410 134 201 160 172 169 123 361 365 282 120 146 53 112 71 333 -9999 -9999 -9999 -9999 -9999 -9999 -9999 -9999 -9999 -9999 -9999 -9999 -9999 -9999 -9999 -9999 -9999 -9999 -9999 -9999 -9999 -9999 -9999 -9999 -9999 -9999 -9999 -9999 -9999 -9999 -9999 -9999 -9999 -9999 -9999 -9999
-9999 -9999 -9999 -9999 -9999 -9999 -9999 -9999 -9999 0 0 0 0 0 0 0 0 0 0 0 208 118 535 152 1328 361 360 234 513 423 1271 1246 398 618 369 211 157 401 286 249 262 362 335 295 39 161 428 47 202 -9999 -9999 -9999 -9999 -9999 -9999 -9999 -9999 -9999 -9999 -9999 -9999 -9999 -9999 -9999 -9999 -9999 -9999 -9999 -9999 -9999 -9999 -9999 -9999 -9999 -9999 -9999 -9999 -9999 -9999 -9999 -9999 -9999 -9999 -9999
-9999 -9999 -9999 -9999 -9999 -9999 -9999 -9999 0 0 0 0 0 0 0 0 0 0 0 0 0 198 240 763 808 359 204 677 663 390 915 969 1116 319 309 419 239 281 236 229 260 338 361 91 108 432 381 119 57 407 -9999 -9999 -9999 -9999 -9999 -9999 -9999 -9999 -9999 -9999 -9999 -9999 -9999 -9999 -9999 -9999 -9999 -9999 -9999 -9999 -9999 -9999 -9999 -9999 -9999 -9999 -9999 -9999 -9999 -9999 -9999 -9999 -9999 -9999
-9999 -9999 -9999 -9999 -9999 -9999 -9999 53 0 0 0 0 0 0 0 0 0 0 0 0 0 20 0 425 280 519 562 335 1126 589 541 862 1142 1086 997 764 275 274 222 180 241 345 352 28 59 81 53 54 130 288 290 76 -9999 -9999 -9999 -9999 -9999 -9999 -9999 -9999 -9999 -9999 -9999 -9999 -9999 -9999 -9999 -9999 -9999 -9999 -9999 -9999 -9999 -9999 -9999 -9999 -9999 -9999 -9999 -9999 -9999 -9999 -9999 -9999
-9999 -9999 -9999 -9999 -9999 -9999 0 0 58 0 0 0 0 0 0 0 0 0 0 0 0 0 0 0 55 142 86 425 611 968 1096 443 1040 1090 751 656 856 295 331 255 340 357 346 238 115 39 51 114 192 334 306 453 458 -9999 -9999 -9999 -9999 -9999 -9999 -9999 -9999 -9999 -9999 -9999 -9999 -9999 -9999 -9999 -9999 -9999 -9999 -9999 -9999 -9999 -9999 -9999 -9999 -9999 -9999 -9999 -9999 -9999 -9999 -9999
-9999 -9999 -9999 -9999 -9999 140 42 0 53 0 0 0 0 0 0 0 0 0 0 0 0 0 0 0 401 241 513 231 592 292 83 524 878 437 484 851 879 492 497 365 389 277 357 353 163 84 46 187 303 210 463 462 425 556 -9999 -9999 -9999 -9999 -9999 -9999 -9999 -9999 -9999 -9999 -9999 -9999 -9999 -9999 -9999 -9999 -9999 -9999 -9999 -9999 -9999 -9999 -9999 -9999 -9999 -9999 -9999 -9999 -9999 -9999
-9999 -9999 -9999 -9999 390 492 32 0 0 0 0 0 0 0 0 0 0 0 0 0 0 0 0 0 0 0 244 568 172 370 578 562 528 299 334 564 581 459 689 371 310 397 267 247 251 118 68 101 118 217 608 520 453 412 526 533 -9999 -9999 -9999 -9999 -9999 -9999 -9999 -9999 -9999 -9999 -9999 -9999 -9999 -9999 -9999 -9999 -9999 -9999 -9999 -9999 -9999 -9999 -9999 -9999 -9999 -9999 -9999 -9999
-9999 -9999 -9999 396 479 602 128 441 0 0 0 17 0 0 0 0 0 0 0 0 0 0 0 0 0 0 296 642 182 101 495 455 273 82 247 176 370 465 633 317 223 328 121 412 438 200 95 119 50 361 372 279 399 406 524 388 40 -9999 -9999 -9999 -9999 -9999 -9999 -9999 -9999 -9999 -9999 -9999 -9999 -9999 -9999 -9999 -9999 -9999 -9999 -9999 -9999 -9999 -9999 -9999 -9999 -9999 -9999 -9999
-9999 -9999 -9999 894 242 490 156 614 74 623 200 0 0 158 0 0 0 0 0 0 0 0 0 0 190 319 372 639 89 502 284 446 661 216 613 518 408 459 385 760 405 320 388 254 118 135 197 85 248 111 141 316 238 162 410 173 33 442 -9999 -9999 -9999 -9999 -9999 -9999 -9999 -9999 -9999 -9999 -9999 -9999 -9999 -9999 -9999 -9999 -9999 -9999 -9999 -9999 -9999 -9999 -9999 -9999 -9999 -9999
-9999 -9999 -9999 315 698 549 683 399 435 80 170 224 206 282 187 905 0 0 0 0 0 0 0 98 281 111 87 548 336 443 558 680 855 799 728 769 393 482 482 464 390 502 557 331 177 176 92 75 141 127 249 649 277 298 166 182 33 421 349 -9999 -9999 -9999 -9999 -9999 -9999 -9999 -9999 -9999 -9999 -9999 -9999 -9999 -9999 -9999 -9999 -9999 -9999 -9999 -9999 -9999 -9999 -9999 -9999 -9999
-9999 857 887 -9999 58 700 305 218 295 250 643 575 291 238 578 123 165 562 771 454 103 503 166 0 349 65 596 604 795 708 681 491 717 981 869 725 824 432 608 411 510 305 309 466 371 179 181 118 169 221 180 714 181 193 298 178 379 213 531 319 -9999 -9999 -9999 -9999 -9999 -9999 -9999 -9999 -9999 -9999 -9999 -9999 -9999 -9999 -9999 -9999 -9999 -9999 -9999 -9999 -9999 -9999 -9999 -9999
-9999 851 937 423 740 -9999 162 406 542 580 772 424 358 497 404 493 142 1090 848 902 123 520 104 161 484 562 710 177 408 85 781 645 755 651 945 972 886 466 586 595 524 390 392 76 116 136 99 227 243 196 301 270 170 378 719 129 470 215 544 338 417 -9999 -9999 -9999 -9999 -9999 -9999 -9999 -9999 -9999 -9999 -9999 -9999 -9999 -9999 -9999 -9999 -9999 -9999 -9999 -9999 -9999 -9999 -9999
492 449 1046 884 365 238 214 -9999 278 740 721 798 536 560 718 272 345 267 444 888 1151 408 509 513 543 270 643 -9999 312 143 167 1198 967 506 511 814 737 848 433 681 181 548 181 220 214 248 293 97 550 156 147 282 386 267 441 518 241 249 360 329 271 549 -9999 -9999 -9999 -9999 -9999 -9999 -9999 -9999 -9999 -9999 -9999 -9999 -9999 -9999 -9999 -9999 -9999 -9999 -9999 -9999 -9999 -9999
412 410 1893 600 319 268 255 69 448 -9999 -9999 216 255 716 349 479 355 226 453 261 714 579 515 213 567 -9999 322 364 775 -9999 413 674 575 455 712 475 491 733 880 716 105 93 325 467 394 279 154 126 126 303 265 398 400 58 354 393 378 276 173 175 319 304 434 -9999 -9999 -9999 -9999 -9999 -9999 -9999 -9999 -9999 -9999 -9999 -9999 -9999 -9999 -9999 -9999 -9999 -9999 -9999 -9999 -9999
801 984 942 934 484 448 599 387 47 49 636 313 -9999 -9999 -9999 604 326 376 255 129 506 381 583 455 -9999 129 75 74 343 496 447 -9999 225 1003 937 786 539 797 568 490 131 95 303 242 232 158 137 295 266 247 361 561 547 68 166 72 526 153 261 327 127 194 482 244 -9999 -9999 -9999 -9999 -9999 -9999 -9999 -9999 -9999 -9999 -9999 -9999 -9999 -9999 -9999 -9999 -9999 -9999 -9999 -9999
-9999 599 1582 288 772 161 446 434 416 362 285 270 167 380 242 464 410 -9999 -9999 -9999 466 426 905 -9999 174 317 314 397 416 524 296 587 408 -9999 -9999 383 855 621 83 170 133 470 311 276 252 210 321 321 176 171 452 412 480 620 51 53 234 100 320 272 497 411 493 238 258 -9999 -9999 -9999 -9999 -9999 -9999 -9999 -9999 -9999 -9999 -9999 -9999 -9999 -9999 -9999 -9999 -9999 -9999 -9999
-9999 761 611 614 571 521 101 371 77 99 212 254 940 498 897 760 461 89 155 236 352 322 200 101 173 199 455 509 535 460 201 184 552 305 269 -9999 -9999 733 51 267 664 674 508 300 316 157 204 245 338 166 436 444 255 236 656 428 354 367 337 252 382 247 175 252 106 503 -9999 -9999 -9999 -9999 -9999 -9999 -9999 -9999 -9999 -9999 -9999 -9999 -9999 -9999 -9999 -9999 -9999 -9999
-9999 867 892 346 315 577 420 410 158 163 199 748 285 570 819 988 576 305 1181 108 495 115 168 142 225 525 344 362 639 1158 809 257 673 186 463 422 1225 383 -9999 -9999 267 556 381 535 308 99 72 160 437 309 388 95 321 742 317 354 106 250 179 414 192 502 270 373 188 531 355 -9999 -9999 -9999 -9999 -9999 -9999 -9999 -9999 -9999 -9999 -9999 -9999 -9999 -9999 -9999 -9999 -9999
-9999 -9999 878 961 776 559 719 457 292 363 491 481 681 734 515 540 524 499 493 240 110 413 169 227 241 206 490 236 156 243 358 749 276 98 122 68 101 178 41 152 257 443 618 440 166 185 137 235 328 271 776 400 295 218 333 125 313 151 80 312 170 163 285 449 603 382 387 496 -9999 -9999 -9999 -9999 -9999 -9999 -9999 -9999 -9999 -9999 -9999 -9999 -9999 -9999 -9999 -9999
-9999 -9999 -9999 299 373 515 554 288 289 505 729 753 770 958 315 288 376 511 576 142 358 107 158 170 146 124 220 451 465 521 579 1096 120 222 186 282 111 230 302 316 292 88 722 211 212 249 130 300 390 264 162 209 266 442 31 283 72 95 254 328 180 138 419 769 670 963 364 63 143 -9999 -9999 -9999 -9999 -9999 -9999 -9999 -9999 -9999 -9999 -9999 -9999 -9999 -9999 -9999
-9999 -9999 -9999 150 192 274 529 287 468 297 536 554 577 625 259 286 1002 445 402 166 434 252 168 226 228 214 114 261 330 414 1285 450 350 260 266 264 225 77 0 95 393 234 501 80 280 400 258 343 279 626 607 248 273 85 311 508 249 295 271 289 526 291 418 935 1604 569 248 369 331 172 -9999 -9999 -9999 -9999 -9999 -9999 -9999 -9999 -9999 -9999 -9999 -9999 -9999 -9999
-9999 -9999 -9999 -9999 430 202 313 510 1017 925 636 495 405 246 482 881 287 770 199 371 461 65 168 228 198 196 212 123 462 601 438 338 1366 468 136 285 156 0 0 0 97 28 513 712 525 525 519 310 279 361 181 149 165 121 340 314 282 251 404 120 508 562 518 396 998 584 690 887 401 274 312 -9999 -9999 -9999 -9999 -9999 -9999 -9999 -9999 -9999 -9999 -9999 -9999 -9999
-9999 -9999 -9999 -9999 -9999 300 246 585 702 786 993 1208 1077 302 474 513 393 492 897 548 40 518 198 163 164 197 204 483 115 173 511 310 379 441 345 162 155 0 117 124 54 205 63 367 483 598 372 937 257 122 183 179 161 162 108 233 284 214 291 144 681 703 383 746 821 945 1061 526 667 320 341 465 -9999 -9999 -9999 -9999 -9999 -9999 -9999 -9999 -9999 -9999 -9999 -9999
-9999 -9999 -9999 -9999 -9999 -9999 422 277 950 832 826 1016 1186 329 426 273 610 409 509 441 390 164 334 107 232 218 185 225 220 193 129 261 558 700 906 110 73 0 0 0 0 252 212 324 25 77 754 674 152 266 163 157 240 255 419 222 166 302 226 172 561 504 296 682 620 1019 1132 1086 515 196 203 492 433 -9999 -9999 -9999 -9999 -9999 -9999 -9999 -9999 -9999 -9999 -9999
-9999 -9999 -9999 -9999 -9999 -9999 -9999 362 291 926 833 956 867 316 259 172 741 1116 338 204 314 190 184 251 261 332 189 178 171 226 127 187 533 815 863 100 77 0 106 0 0 254 255 169 85 61 0 248 258 395 213 147 340 332 402 410 317 90 194 531 649 436 317 372 515 1179 764 785 900 501 117 312 116 339 -9999 -9999 -9999 -9999 -9999 -9999 -9999 -9999 -9999 -9999
-9999 -9999 -9999 -9999 -9999 -9999 -9999 -9999 889 275 1052 1025 784 229 279 407 581 429 404 302 236 25 622 916 277 258 185 207 181 183 169 287 826 292 685 247 82 0 0 129 121 100 129 195 230 149 0 93 404 209 231 138 237 116 367 352 213 245 241 207 196 526 687 735 701 688 845 636 888 610 585 374 125 335 495 -9999 -9999 -9999 -9999 -9999 -9999 -9999 -9999 -9999
-9999 -9999 -9999 -9999 -9999 -9999 -9999 -9999 -9999 354 1104 955 798 458 401 261 273 278 154 438 516 239 494 1032 396 350 140 205 197 155 200 229 459 816 1503 964 72 0 0 60 85 0 205 79 225 147 14 94 266 202 290 258 65 238 319 357 318 246 165 169 233 424 297 615 885 727 514 507 844 865 562 434 295 432 472 170 -9999 -9999 -9999 -9999 -9999 -9999 -9999 -9999
-9999 -9999 -9999 -9999 -9999 -9999 -9999 -9999 -9999 360 388 881 792 216 627 296 346 451 492 359 201 392 312 496 457 491 364 122 223 619 157 197 316 734 565 291 87 82 53 50 106 0 0 203 228 62 14 269 727 131 358 243 194 268 191 216 205 208 169 173 176 351 438 426 154 613 519 484 1081 973 966 689 375 506 364 330 -9999 -9999 -9999 -9999 -9999 -9999 -9999 -9999
-9999 -9999 -9999 -9999 -9999 -9999 -9999 -9999 -9999 -9999 355 858 581 429 685 300 363 226 471 589 205 140 231 300 206 216 259 971 108 556 418 400 254 532 761 448 1124 0 95 108 178 0 0 0 0 14 0 490 189 346 253 216 204 212 213 195 169 209 169 146 211 245 366 538 192 600 503 717 587 941 1035 1067 392 294 353 246 484 -9999 -9999 -9999 -9999 -9999 -9999 -9999
-9999 -9999 -9999 -9999 -9999 -9999 -9999 -9999 -9999 -9999 -9999 594 994 422 239 443 460 135 256 145 731 278 93 346 250 198 199 472 673 92 620 454 324 492 780 404 62 139 260 171 0 34 0 0 0 0 0 330 355 224 222 340 324 273 191 268 222 212 149 138 206 201 233 262 240 186 661 448 585 1332 1685 940 1057 539 318 131 199 503 -9999 -9999 -9999 -9999 -9999 -9999
-9999 -9999 -9999 -9999 -9999 -9999 -9999 -9999 -9999 -9999 -9999 -9999 753 82 796 713 266 404 344 286 518 326 310 74 76 541 394 359 284 305 737 609 139 526 485 607 400 410 18 194 25 22 20 19 0 0 189 266 268 225 264 285 285 213 241 257 67 210 214 218 226 197 211 213 221 418 533 418 775 1096 1682 1044 1562 442 508 157 168 496 -9999 -9999 -9999 -9999 -9999 -9999
-9999 -9999 -9999 -9999 -9999 -9999 -9999 -9999 -9999 -9999 -9999 -9999 -9999 128 159 426 635 198 244 151 390 402 585 446 517 92 250 85 216 115 357 436 523 586 508 541 347 529 391 317 62 39 0 0 0 0 333 813 115 115 114 640 674 279 347 298 265 63 164 207 164 253 255 251 183 249 356 749 636 1206 1040 1330 921 830 402 290 196 128 179 -9999 -9999 -9999 -9999 -9999
-9999 -9999 -9999 -9999 -9999 -9999 -9999 -9999 -9999 -9999 -9999 -9999 -9999 -9999 258 246 504 479 416 403 594 412 291 527 393 186 498 465 513 287 867 672 442 537 464 586 442 139 758 609 468 148 0 0 0 0 196 1118 115 506 115 489 167 575 791 785 542 114 578 178 611 256 261 256 184 252 253 456 566 853 1264 916 914 808 508 325 455 202 456 -9999 -9999 -9999 -9999 -9999
-9999 -9999 -9999 -9999 -9999 -9999 -9999 -9999 -9999 -9999 -9999 -9999 -9999 -9999 595 581 180 456 283 519 541 430 391 333 224 161 521 851 195 432 369 451 867 1114 1165 634 256 305 426 488 613 396 71 0 0 0 143 1251 117 114 112 110 107 104 168 169 110 106 105 72 399 520 195 293 269 197 627 480 613 341 980 939 1034 989 1097 504 143 312 301 313 -9999 -9999 -9999 -9999
-9999 -9999 -9999 -9999 -9999 -9999 -9999 -9999 -9999 -9999 -9999 -9999 -9999 -9999 -9999 737 435 720 665 324 475 414 563 332 278 598 582 943 518 1093 85 353 1017 476 962 699 268 591 305 304 557 830 354 52 0 0 54 288 560 91 90 104 82 82 84 83 83 83 72 92 58 68 585 168 202 406 330 289 520 367 567 982 1132 1033 974 799 591 222 229 360 -9999 -9999 -9999 -9999
