example_catchment/sve_2_flow_accum_D-inf_area.asc
NCOLS         139
NROWS         162
XLLCORNER     572256.0
YLLCORNER     7071344.0
CELLSIZE      16.0
NODATA_VALUE  -9999
[rows 62 to 92 of 162, columns 0 to 69 of 139]
-9999 -9999 -9999 -9999 -9999 -9999 16.0 19.555555 41.718517 46.999176 980.6845 16.0 16.0 455.68094 16.0 16.0 765.63104 79.046585 51.2 16.0 16.0 16.0 31.288889 16.0 16.0 32.0 61.866665 64.73482 70.73975 44.275955 46.519756 63.2025 16.0 1679.5852 16.0 16.0 16.0 377.6632 16.0 16.0 384.0 16.0 24.177778 23.822222 23.466667 16.0 19.555555 25.125925 21.025185 2444.1047 16.0 16.0 23.466667 39.893333 69.49452 65.47827 56.924267 268.42178 16.0 47.126476 83.94814 94.3516 90.22789 112.4243 61.03849 129.0337 22889.088 40.88889 16.0 16.0
-9999 -9999 -9999 -9999 -9999 -9999 -9999 16.0 20.622223 36.914566 23.703703 1078.8179 16.0 16.0 529.99207 16.0 802.71014 36.48 32.987656 28.444445 19.555555 16.0 16.0 64.71111 30.577778 16.0 18.133333 25.268148 23.542519 44.693176 77.24311 138.34195 16.0 16.0 1739.6741 16.0 16.0 426.37433 16.0 16.0 16.0 1127.8854 16.0 23.411358 32.932346 38.945187 28.444445 26.42963 60.768394 16.0 2489.9714 30.577778 19.555555 25.386667 31.070814 54.88208 82.39592 73.59349 310.09116 25.955555 28.673386 38.800575 39.280346 56.98582 69.62856 16.0 66.164505 23036.318 35.2 16.0
-9999 -9999 -9999 -9999 -9999 -9999 -9999 -9999 16.0 26.666666 42.42963 33.904198 1144.722 16.0 567.6809 16.0 16.0 908.86584 38.123455 33.382717 24.57284 25.6 16.0 16.0 103.253334 34.34667 16.0 16.0 29.51111 27.804445 72.64451 62.17625 216.51819 16.0 1791.5852 16.0 16.0 461.21878 16.0 16.0 671.70764 16.0 1182.2854 1226.1127 1312.2291 16.0 1438.7279 1503.9526 1531.6702 16.0 28.444445 2515.5002 60.239014 44.90904 17.692444 46.715366 47.295906 47.127346 98.244965 334.82404 70.56411 49.422634 25.884527 38.433258 52.725113 44.12006 16.0 52.42783 23138.75 16.0
-9999 -9999 -9999 -9999 -9999 -9999 -9999 -9999 -9999 16.0 36.622223 48.877037 1233.0731 16.0 16.0 612.48096 16.0 974.3012 46.415363 34.80318 44.07923 22.257778 26.666666 21.333334 21.688889 156.64987 148.06844 49.434387 57.744595 60.912464 29.536102 90.025856 338.54404 16.0 16.0 1839.5852 16.0 512.7743 16.0 607.70764 16.0 16.0 16.0 24.177778 16.0 1366.5186 16.0 16.0 22.4 1562.1057 679.11127 322.33093 2667.854 62.58835 16.997978 16.786331 61.57894 105.71696 34.85094 113.25674 346.23007 110.77484 55.538105 16.0 24.533333 65.13838 50.74047 78.86256 23293.682 32.0
-9999 -9999 -9999 -9999 -9999 -9999 -9999 -9999 -9999 16.0 19.911112 27.085432 26.12991 1291.203 16.0 647.6809 16.0 16.0 1092.8812 60.07923 27.870815 35.868446 33.185184 25.007408 28.325926 47.699753 70.03549 165.75935 23.689795 48.836845 64.836845 16.0 16.0 372.35187 16.0 1870.874 16.0 16.0 543.70764 16.0 16.0 16.0 16.0 24.533333 32.355556 26.066174 27.005718 16.0 25.6 46.72 938.2762 867.0882 923.55084 2360.1296 63.596725 16.0 24.57968 35.157894 124.8421 43.106285 120.37317 337.46573 221.41995 44.386143 23.466667 19.65037 64.30158 38.862785 35.685753 23426.96
-9999 -9999 -9999 -9999 -9999 -9999 -9999 -9999 -9999 -9999 16.0 26.666666 39.703705 1375.3512 16.0 16.0 695.6809 16.0 1163.599 33.961193 45.836536 45.953053 54.06815 22.112923 16.0 16.0 58.39978 70.99902 181.75935 19.68508 16.0 23.822222 27.117037 86.41948 388.35187 2275.937 16.0 16.0 25.6 16.0 16.0 51.2 22.4 23.466667 24.177778 27.820248 55.00843 37.604572 16.0 28.444445 64.48514 548.5845 867.3686 939.55084 2439.7263 20.977777 51.601902 16.0 77.33801 118.64795 42.82169 147.32765 412.14334 212.90854 20.931793 35.816296 17.7467 25.464907 31.278944 23493.56
-9999 -9999 -9999 -9999 -9999 -9999 -9999 -9999 -9999 -9999 -9999 16.0 28.444445 19.555555 1443.9734 16.0 16.0 746.5254 16.0 1256.341 65.00882 70.068146 25.827965 35.040512 25.244444 22.755556 25.244444 62.544025 148.3685 174.53087 22.561693 39.720276 53.420025 24.309782 122.94774 16.0 2317.1814 16.0 65.066666 16.355556 31.644444 22.4 76.16 51.342224 17.564444 28.35753 43.548267 77.78261 53.604572 24.782425 31.213896 50.354214 295.50473 1008.1372 3198.5715 524.9231 41.227596 42.374306 24.88889 117.0676 123.92587 37.48316 123.61254 560.61975 102.47907 37.252174 45.448956 24.281794 25.712717 32.686096
-9999 -9999 -9999 -9999 -9999 -9999 -9999 -9999 -9999 -9999 -9999 -9999 16.0 28.444445 27.733334 1496.9275 16.0 791.6809 16.0 16.0 1423.418 37.810284 30.919176 41.821983 46.640987 31.67605 16.0 40.12247 80.27473 303.83258 97.44774 23.019194 49.42079 52.241913 222.91779 16.0 2355.937 16.0 16.0 102.88197 161.06667 30.435556 23.964445 113.76198 57.73432 22.635456 26.082678 54.51294 102.2624 92.21962 32.521618 30.105326 64.26381 222.43819 807.04364 3853.3699 63.395542 57.27976 46.374275 17.106173 120.06009 128.91023 30.993263 307.01837 456.72623 110.397484 61.01802 32.15963 43.432926 50.74634
-9999 -9999 -9999 -9999 -9999 -9999 -9999 -9999 -9999 -9999 -9999 -9999 -9999 16.0 31.644444 1567.3512 16.0 16.0 845.7254 16.0 16.0 1522.0862 40.366337 56.246254 45.43122 53.75649 22.4 16.0 29.374157 49.893776 319.83258 113.44774 20.603838 46.577675 34.63107 280.88312 16.0 2398.9592 16.0 16.0 16.0 223.50223 16.0 54.067623 118.442665 77.933525 30.587294 40.343834 70.10191 110.40095 113.126335 42.739998 37.99398 73.26826 224.53491 807.2761 4081.5415 85.95887 60.313194 26.424097 30.079159 180.18745 104.80483 29.086044 394.90326 411.8294 167.07617 36.33934 35.295776 50.511425
-9999 -9999 -9999 -9999 -9999 -9999 -9999 -9999 -9999 -9999 -9999 -9999 -9999 -9999 16.0 23.11111 1645.1388 16.0 885.192 16.0 16.0 16.0 1638.1996 60.805813 76.90812 21.972942 40.88889 29.51111 32.318977 29.055182 65.893776 390.3293 104.23713 19.205042 19.41423 28.079966 340.09692 395.63962 2826.5989 2874.5989 16.0 16.0 255.50223 28.015026 58.052593 140.4865 102.02502 35.032093 55.281487 81.25066 148.57779 152.23843 45.443108 25.287418 31.835182 147.74106 724.2005 4257.138 95.21468 40.572956 21.87202 36.7212 275.03363 50.934944 34.097984 521.36426 336.31177 361.41382 16.0 16.784351
-9999 -9999 -9999 -9999 -9999 -9999 -9999 -9999 -9999 -9999 -9999 -9999 -9999 -9999 16.0 24.88889 25.323458 1705.8203 397.56006 1308.7076 38.044445 16.0 16.0 1795.95 45.54184 43.110638 34.17284 61.3115 32.51859 18.582684 42.472496 52.60765 441.24893 104.02247 31.790812 28.009863 30.938593 16.0 16.0 26.311111 2935.7544 16.0 321.55637 25.9609 16.0 90.9932 190.32634 90.818344 52.098415 74.04736 99.78606 192.46745 252.29434 82.40688 69.60919 61.79384 104.10789 673.716 4328.151 91.36498 38.4213 20.860449 43.744904 328.38593 29.582651 31.15466 552.5954 210.31346 393.41382 16.0
-9999 -9999 -9999 -9999 -9999 -9999 -9999 -9999 -9999 -9999 -9999 -9999 -9999 -9999 -9999 16.0 24.88889 27.219753 1381.6627 16.0 1340.7076 1424.6188 16.0 16.0 1905.2445 40.76807 52.69712 66.103004 42.01487 25.910765 54.874584 28.269833 54.30024 505.29822 87.65992 35.78095 21.565926 16.0 16.0 16.0 29.155556 2997.7922 16.0 363.51724 16.0 28.088888 90.368195 228.41634 98.745605 53.047764 60.428417 99.698494 220.10135 391.88702 163.06999 141.64244 163.18053 151.67825 716.681 4425.048 80.81563 24.34418 56.70743 170.20558 230.0576 21.259138 31.923492 580.6554 421.96866 285.03143
-9999 -9999 -9999 -9999 -9999 -9999 -9999 -9999 -9999 -9999 -9999 -9999 -9999 -9999 -9999 -9999 16.0 26.311111 30.617285 1413.992 16.0 18.133333 1487.9077 16.0 17.777779 2021.9481 48.57376 77.80828 40.275257 29.243279 83.54207 16.0 39.872303 54.613503 521.2982 103.65992 46.215023 87.73317 28.8 20.977777 25.323458 24.441153 3109.347 387.33948 27.377777 20.622223 38.47111 84.27819 310.07834 104.91719 52.544014 48.52009 29.234058 107.21358 362.12543 188.6661 170.13129 204.49054 190.6998 1173.6589 4094.4038 72.84339 74.330376 16.0 186.20558 256.92337 26.393356 35.863506 577.6161 489.13678
-9999 -9999 -9999 -9999 -9999 -9999 -9999 -9999 -9999 -9999 -9999 -9999 -9999 -9999 -9999 -9999 -9999 16.0 32.0 1476.28 16.0 16.0 18.844444 1538.7521 16.0 16.0 2157.706 43.13579 59.427208 32.246265 93.972595 25.836138 59.631176 23.97446 186.45755 479.043 62.071075 26.270006 103.73317 88.59845 76.87568 80.917244 33.98161 3605.7642 16.0 16.0 36.622223 57.72642 93.0186 352.9986 102.26524 61.538147 62.36364 22.496458 85.678604 310.11816 104.04418 124.60832 236.96173 316.90515 2337.8386 3075.2188 111.140015 27.377777 65.65482 152.55075 281.72116 33.59557 123.75134 722.60205
-9999 -9999 -9999 -9999 -9999 -9999 -9999 -9999 -9999 -9999 -9999 -9999 -9999 -9999 -9999 -9999 -9999 -9999 -9999 16.0 1524.28 16.0 16.0 19.555555 1590.3076 16.0 21.333334 2285.3105 36.934696 33.914593 87.00152 53.898624 81.23922 36.21799 132.78804 190.53513 435.0977 50.380676 34.097115 75.934715 55.377087 67.3377 71.366554 55.648087 3623.1863 30.577778 40.83358 57.53363 60.834064 123.73204 368.9986 159.26509 170.96556 45.10303 43.03735 97.02871 349.8363 149.03014 160.25685 111.241165 333.42303 3652.2644 1904.5415 42.769382 58.310886 63.074055 226.20676 216.33505 33.917637 144.62035
-9999 -9999 -9999 -9999 -9999 -9999 -9999 -9999 -9999 -9999 -9999 -9999 -9999 -9999 -9999 -9999 -9999 -9999 -9999 -9999 16.0 1572.28 16.0 28.444445 16.0 1638.3076 16.0 21.688889 2387.0657 22.782919 66.26754 86.2709 117.60092 39.340485 161.66556 92.21405 536.41223 74.11535 44.091267 66.901825 68.310585 31.997826 27.971148 19.107904 78.44201 3640.9294 846.83966 387.4027 88.79155 77.53005 153.51517 343.99875 183.89803 256.43814 186.52975 151.19067 149.78685 328.0603 180.98705 144.20549 150.49873 524.22815 4873.897 866.7965 70.42349 34.221394 111.12083 279.52267 184.2606 25.79843
-9999 -9999 -9999 -9999 -9999 -9999 -9999 -9999 -9999 -9999 -9999 -9999 -9999 -9999 -9999 -9999 -9999 -9999 -9999 -9999 -9999 16.0 1618.8578 23.74321 38.123455 27.013443 1723.1871 16.0 16.0 2470.5898 52.815304 62.011147 160.7939 57.91646 218.89436 77.476036 170.96355 468.27005 33.991104 60.26125 110.539116 51.7611 38.042946 40.863243 52.83193 133.79036 2868.646 715.34686 368.96692 179.50499 167.50493 247.68413 357.2481 130.42545 228.51617 238.81091 297.76312 354.26956 438.81354 411.5181 272.13312 175.66092 455.3289 5394.2397 727.3976 44.898067 16.0 87.6112 365.67322 159.3138
-9999 -9999 -9999 -9999 -9999 -9999 -9999 -9999 -9999 -9999 -9999 -9999 -9999 -9999 -9999 -9999 -9999 -9999 -9999 -9999 -9999 -9999 16.0 1674.601 16.0 43.110012 33.244007 1803.3645 16.0 16.711111 2598.835 35.292355 62.451572 180.53659 135.60153 223.2862 164.1684 484.27005 25.064295 73.06614 112.90181 70.411934 78.77956 30.37178 32.345295 43.553684 154.14287 2717.3806 731.34686 546.61017 399.27243 291.6631 405.0399 373.2481 47.881775 113.45285 126.79154 159.35403 265.52435 411.39816 436.6043 350.26666 175.78868 260.6342 5589.788 789.0068 31.288889 16.0 74.40747 388.2872
-9999 -9999 -9999 -9999 -9999 -9999 -9999 -9999 -9999 -9999 -9999 -9999 -9999 -9999 -9999 -9999 -9999 -9999 -9999 -9999 -9999 -9999 -9999 16.0 1722.601 16.0 16.0 17.066668 1865.9423 16.0 16.0 2715.7332 28.490314 196.53659 16.0 211.14452 249.05876 604.03467 32.152546 16.0 201.96796 61.37658 104.059 53.353622 24.774069 32.53204 53.908558 182.10413 2733.3806 487.3124 271.08475 228.9453 100.258224 470.05502 472.81345 168.68457 130.14877 152.81102 90.07442 168.45662 327.34415 404.05392 289.6249 129.28604 145.92758 5804.316 2468.6753 23.822222 16.0 83.79347
-9999 -9999 -9999 -9999 -9999 -9999 -9999 -9999 -9999 -9999 -9999 -9999 -9999 -9999 -9999 -9999 -9999 -9999 -9999 -9999 -9999 -9999 -9999 -9999 16.0 1770.601 16.0 16.0 18.48889 1916.4312 16.0 16.355556 2820.6353 155.75935 24.88889 154.48993 95.76571 748.2865 168.95947 30.222221 49.195015 384.5852 34.911327 52.754715 16.0 45.396294 41.118496 71.43304 843.6197 2271.9126 373.36243 315.7324 231.61087 67.243095 417.4326 464.76892 224.24127 145.21034 184.6077 76.74321 137.9556 312.79416 451.7511 292.7527 96.44465 16.0 4156.669 2881.1792 28.8 56.9657
-9999 -9999 -9999 -9999 -9999 -9999 -9999 -9999 -9999 -9999 -9999 -9999 -9999 -9999 -9999 -9999 -9999 -9999 -9999 -9999 -9999 -9999 -9999 -9999 -9999 16.0 1818.601 16.0 16.0 17.777779 1966.2089 16.0 2865.3562 81.76506 129.77701 17.106173 219.43684 711.33374 202.1286 610.60486 480.68698 16.0 16.0 47.65283 37.101887 32.324696 52.16392 21.973373 65.93752 1693.7859 1480.1215 874.43933 810.51575 427.7255 201.37033 380.61737 436.6941 267.7824 215.98145 248.68434 143.17032 166.745 386.21545 668.6009 260.1585 37.432144 34.649128 4219.684 2634.953 73.6057
-9999 -9999 -9999 -9999 -9999 -9999 -9999 -9999 -9999 -9999 -9999 -9999 -9999 -9999 -9999 -9999 -9999 -9999 -9999 -9999 -9999 -9999 -9999 -9999 -9999 -9999 -9999 1850.601 16.0 30.222221 16.0 1998.2089 16.0 2979.1213 44.839336 119.2185 147.85834 1013.5299 807.02167 16.0 16.0 16.0 48.94323 46.709602 16.0 55.977192 71.57408 91.29408 110.6366 166.19911 1731.9457 1002.7477 404.6397 853.217 746.744 433.65546 481.96204 536.71954 337.62115 230.21497 210.84317 191.73318 250.90633 436.4863 829.13336 131.626 37.62746 39.21409 4239.6816 2735.6838
-9999 -9999 -9999 -9999 -9999 -9999 -9999 -9999 -9999 -9999 -9999 -9999 -9999 -9999 -9999 -9999 -9999 -9999 -9999 -9999 -9999 -9999 -9999 -9999 -9999 -9999 -9999 -9999 1872.2899 1914.7195 1944.8232 16.0 2030.2089 16.0 3022.082 3191.179 16.0 22.755556 1839.3407 16.0 16.0 27.022223 75.11096 57.519646 16.0 24.177778 64.65944 83.678665 81.25264 91.83579 245.75264 1880.7682 929.61456 255.14006 597.5519 736.2558 517.79974 510.70435 591.7562 331.1948 276.0148 248.99342 220.34225 307.18372 586.9587 879.3586 94.9756 32.723316 16.0 4235.0596
-9999 -9999 -9999 -9999 -9999 -9999 -9999 -9999 -9999 -9999 -9999 -9999 -9999 -9999 -9999 -9999 -9999 -9999 -9999 -9999 -9999 -9999 -9999 -9999 -9999 -9999 -9999 -9999 -9999 -9999 16.0 1970.7788 16.0 2062.209 16.0 16.0 3210.3792 310.61148 1879.5739 36.266666 50.465187 17.801481 84.43443 80.196175 17.066668 30.933332 29.621729 68.321945 50.11917 51.488346 51.87121 248.03331 1935.3512 1334.3763 640.46704 744.57874 903.5759 791.4414 725.8089 587.4138 396.7725 341.46808 220.40868 226.59207 312.87952 725.47577 892.7405 219.76436 34.906803 28.508482
-9999 -9999 -9999 -9999 -9999 -9999 -9999 -9999 -9999 -9999 -9999 -9999 -9999 -9999 -9999 -9999 -9999 -9999 -9999 -9999 -9999 -9999 -9999 -9999 -9999 -9999 -9999 -9999 -9999 -9999 -9999 1992.8232 16.0 16.0 2126.209 16.0 28.8 2954.817 1106.4043 1150.5786 71.93073 16.0 59.155376 114.30745 50.92482 21.30963 38.684444 36.40608 76.320724 41.135715 55.107937 70.96594 269.60693 1611.1421 1317.87 1077.1415 1090.7203 1277.6892 1233.1088 1312.4039 647.8646 512.31445 418.21347 280.24017 354.8137 395.2552 744.3662 941.8789 591.58527 278.23242
-9999 -9999 -9999 -9999 -9999 -9999 -9999 -9999 -9999 -9999 -9999 -9999 -9999 -9999 -9999 -9999 -9999 -9999 -9999 -9999 -9999 -9999 -9999 -9999 -9999 -9999 -9999 -9999 -9999 -9999 -9999 -9999 2024.8232 16.0 16.0 2188.0757 16.0 241.7878 3118.044 1941.5559 81.18749 61.44878 39.66215 33.78116 143.08118 46.314423 37.68099 44.36859 69.42019 87.23267 55.275333 61.38165 63.269905 236.5119 1178.456 1040.7184 954.03345 858.07806 899.119 925.9815 1359.1903 391.73203 502.85104 449.48123 278.045 406.36682 556.7289 863.0978 1062.3768 677.86
-9999 -9999 -9999 -9999 -9999 -9999 -9999 -9999 -9999 -9999 -9999 -9999 -9999 -9999 -9999 -9999 -9999 -9999 -9999 -9999 -9999 -9999 -9999 -9999 -9999 -9999 -9999 -9999 -9999 -9999 -9999 -9999 -9999 -9999 16.0 18.133333 2254.209 42.86531 1270.2705 3389.0667 756.66254 77.49836 43.322815 49.030464 80.34233 96.51875 89.755295 25.210909 37.69131 106.35981 142.08632 63.724228 85.24298 95.324615 244.43852 745.77344 750.2597 602.21094 714.526 762.42 922.57715 1837.0272 700.09033 597.74677 757.19244 546.17065 533.05035 610.1135 798.40515 1144.057
-9999 -9999 -9999 -9999 -9999 -9999 -9999 -9999 -9999 -9999 -9999 -9999 -9999 -9999 -9999 -9999 -9999 -9999 -9999 -9999 -9999 -9999 -9999 -9999 -9999 -9999 -9999 -9999 -9999 -9999 -9999 -9999 -9999 -9999 -9999 16.0 16.0 2329.0742 354.7388 3131.5967 1977.664 59.054646 77.40013 79.21773 91.37992 81.052795 96.4933 78.99603 26.084364 32.751694 78.91536 168.60408 100.11019 102.25577 144.09972 288.404 577.2721 723.9739 779.53424 915.31287 592.05066 446.536 1751.282 1214.4017 850.9071 1035.3383 869.0751 624.2324 315.8465 617.2864
-9999 -9999 -9999 -9999 -9999 -9999 -9999 -9999 -9999 -9999 -9999 -9999 -9999 -9999 -9999 -9999 -9999 -9999 -9999 -9999 -9999 -9999 -9999 -9999 -9999 -9999 -9999 -9999 -9999 -9999 -9999 -9999 -9999 -9999 -9999 -9999 -9999 16.0 5221.0903 642.31934 2039.5953 29.123255 24.600016 188.38583 83.01194 43.017597 70.035194 123.02611 100.6935 25.854094 44.728886 84.51385 139.6524 83.09584 79.77392 125.79262 290.63126 536.1213 421.1628 586.67145 1128.424 437.0138 115.230225 1075.9972 1171.2701 1026.2037 1023.25604 855.7913 684.97876 262.92847
-9999 -9999 -9999 -9999 -9999 -9999 -9999 -9999 -9999 -9999 -9999 -9999 -9999 -9999 -9999 -9999 -9999 -9999 -9999 -9999 -9999 -9999 -9999 -9999 -9999 -9999 -9999 -9999 -9999 -9999 -9999 -9999 -9999 -9999 -9999 -9999 -9999 -9999 16.0 7935.0054 16.0 23.766201 49.930393 249.61728 65.80717 51.370026 53.217987 56.46478 197.58128 71.940834 39.755722 46.592205 102.96997 155.99574 94.983505 78.55676 128.13539 310.94217 524.00323 334.21188 829.1944 1244.8693 151.95984 118.45887 467.23898 556.76666 830.89575 1108.661 757.68585 594.4265
-9999 -9999 -9999 -9999 -9999 -9999 -9999 -9999 -9999 -9999 -9999 -9999 -9999 -9999 -9999 -9999 -9999 -9999 -9999 -9999 -9999 -9999 -9999 -9999 -9999 -9999 -9999 -9999 -9999 -9999 -9999 -9999 -9999 -9999 -9999 -9999 -9999 -9999 -9999 -9999 7990.243 16.528137 40.410416 241.2138 135.15529 63.94536 59.75701 25.460976 67.443665 204.79988 83.144775 53.988804 65.97792 112.85982 149.87001 178.90701 181.144 237.00835 461.27023 827.0158 960.417 1314.1069 762.9215 93.668365 127.17509 325.46387 402.00726 628.8808 1488.351 821.7964
