example_catchment/sve_example_catchment_slope_16m.asc
NCOLS         139
NROWS         162
XLLCORNER     572256.0
YLLCORNER     7071344.0
CELLSIZE      16.0
NODATA_VALUE  -9999
[rows 30 to 59 of 162, columns 0 to 68 of 139]
-9999 -9999 -9999 -9999 -9999 -9999 -9999 -9999 -9999 -9999 -9999 -9999 -9999 -9999 0.5516516 0.79974467 0.8880092 0.8291492 0.8269067 1.232018 1.263705 0.75658935 0.54704857 0.6353298 0.6714857 0.63765454 0.43361595 0.4493223 0.84272116 1.117812 0.9866137 0.8862836 0.95161885 0.80078995 0.6212756 0.65442383 0.58792657 0.23295626 0.3597582 -9999 -9999 -9999 -9999 -9999 -9999 -9999 -9999 -9999 -9999 -9999 -9999 -9999 -9999 -9999 -9999 -9999 -9999 -9999 -9999 -9999 -9999 -9999 -9999 -9999 -9999 -9999 -9999 -9999 -9999
-9999 -9999 -9999 -9999 -9999 -9999 -9999 -9999 -9999 -9999 -9999 -9999 -9999 0.2718189 0.61097723 0.6793334 0.7612992 0.8837504 1.002773 1.0426847 1.0716987 0.9500953 0.54579246 0.4867123 0.5794166 0.6227333 0.674246 0.50182515 0.5437818 0.8317608 0.8477329 0.85238284 0.9570608 0.98835665 0.8274889 0.6825292 0.69302255 0.47569755 0.56646025 0.3798969 -9999 -9999 -9999 -9999 -9999 -9999 -9999 -9999 -9999 -9999 -9999 -9999 -9999 -9999 -9999 -9999 -9999 -9999 -9999 -9999 -9999 -9999 -9999 -9999 -9999 -9999 -9999 -9999 -9999
-9999 -9999 -9999 -9999 -9999 -9999 -9999 -9999 -9999 -9999 -9999 -9999 -9999 0.31474873 0.6133549 0.6877946 0.7227595 0.8507732 1.0856304 1.010639 0.8842679 0.9066791 0.7770101 0.5578728 0.5794212 0.6062724 0.60428256 0.7438868 0.73884827 0.83991104 0.83072567 0.77026504 0.855386 1.0664529 1.2146401 0.97697425 0.80070835 0.71838474 0.60442036 0.6044861 0.49219763 -9999 -9999 -9999 -9999 -9999 -9999 -9999 -9999 -9999 -9999 -9999 -9999 -9999 -9999 -9999 -9999 -9999 -9999 -9999 -9999 -9999 -9999 -9999 -9999 -9999 -9999 -9999 -9999
-9999 -9999 -9999 -9999 -9999 -9999 -9999 -9999 -9999 -9999 -9999 -9999 -9999 0.36791295 0.6712385 0.76417536 0.7839978 0.88606393 1.0602596 0.9367706 0.84691876 0.8735668 0.8757549 0.8029932 0.7332892 0.6932323 0.80257785 0.849443 1.027624 1.2136854 0.99256426 0.7439967 0.614066 0.92091197 1.4184749 1.4307507 0.98775244 0.829985 0.6942179 0.79034287 0.7352538 0.61027384 -9999 -9999 -9999 -9999 -9999 -9999 -9999 -9999 -9999 -9999 -9999 -9999 -9999 -9999 -9999 -9999 -9999 -9999 -9999 -9999 -9999 -9999 -9999 -9999 -9999 -9999 -9999
-9999 -9999 -9999 -9999 -9999 -9999 -9999 -9999 -9999 -9999 -9999 -9999 -9999 0.6432829 0.7589941 0.8421916 0.857745 1.0031687 1.0321294 0.80471903 0.7476162 0.7865112 0.86528903 0.90586674 0.9413272 0.8473435 0.9015004 1.0667804 1.287328 1.6150112 1.4095883 0.91132915 0.5934779 0.7881353 1.1554544 1.6633105 1.7451286 1.015675 0.6172844 0.6613507 0.78859955 0.7818613 0.6399231 -9999 -9999 -9999 -9999 -9999 -9999 -9999 -9999 -9999 -9999 -9999 -9999 -9999 -9999 -9999 -9999 -9999 -9999 -9999 -9999 -9999 -9999 -9999 -9999 -9999 -9999
-9999 -9999 -9999 -9999 -9999 -9999 -9999 -9999 -9999 -9999 -9999 -9999 0.40260974 0.8086235 0.8448994 0.90229934 0.9328356 1.1894414 1.0710266 0.62417674 0.65495306 0.64567447 0.58688974 0.80640286 1.0977979 0.961943 0.7510018 0.9678627 1.2830828 1.4980183 1.9111282 1.9711916 1.268825 0.8832476 0.8015867 1.2980726 2.1451988 1.8747915 0.9410833 0.39984068 0.6154986 0.7950251 0.80756724 0.606668 -9999 -9999 -9999 -9999 -9999 -9999 -9999 -9999 -9999 -9999 -9999 -9999 -9999 -9999 -9999 -9999 -9999 -9999 -9999 -9999 -9999 -9999 -9999 -9999 -9999
-9999 -9999 -9999 -9999 -9999 -9999 -9999 -9999 -9999 -9999 -9999 -9999 0.76543814 0.82744515 0.88367236 0.91542274 0.9643228 1.320632 1.2070401 0.62363625 0.5610806 0.5902335 0.3800547 0.22650915 0.5376973 0.98835677 0.34572217 0.09548376 1.0268774 1.0232928 1.7759795 2.6160648 2.325199 1.3238033 0.6910181 0.80811864 1.4417566 1.990194 1.6994356 0.70390785 0.5239786 0.6890968 0.74578243 0.6793388 0.6217466 -9999 -9999 -9999 -9999 -9999 -9999 -9999 -9999 -9999 -9999 -9999 -9999 -9999 -9999 -9999 -9999 -9999 -9999 -9999 -9999 -9999 -9999 -9999 -9999
-9999 -9999 -9999 -9999 -9999 -9999 -9999 -9999 -9999 -9999 -9999 0.81611294 1.0110546 0.9203945 0.95855 0.9705677 0.9972244 1.3135135 1.274788 0.80697036 0.60443825 0.5263342 0.42824155 0.26368138 0.37152824 0.6422359 0.6625596 0.4900502 0.41651595 0.40342155 0.4426014 1.5949358 2.5050662 2.1034446 1.3203609 1.389663 1.2730441 1.2310334 1.7523736 1.2492025 0.63971275 0.6458314 0.54864293 0.6189923 0.73197687 0.68633926 -9999 -9999 -9999 -9999 -9999 -9999 -9999 -9999 -9999 -9999 -9999 -9999 -9999 -9999 -9999 -9999 -9999 -9999 -9999 -9999 -9999 -9999 -9999
-9999 -9999 -9999 -9999 -9999 -9999 -9999 -9999 -9999 -9999 0.7348951 1.0181506 1.0430214 0.99993014 1.0248718 1.0623267 1.0906284 1.2357666 1.3591561 1.1387851 0.87512314 0.70537496 0.6287225 0.5099122 0.29384077 0.4376675 0.6098724 0.40967327 0.11850863 0.32084683 0.3337305 0.9979488 1.7368319 2.2809575 2.313159 1.9296744 0.79937774 0.63127464 1.3526126 1.4215754 1.0683154 0.79441416 0.5154657 0.52288026 0.46550745 0.53293824 0.7023259 -9999 -9999 -9999 -9999 -9999 -9999 -9999 -9999 -9999 -9999 -9999 -9999 -9999 -9999 -9999 -9999 -9999 -9999 -9999 -9999 -9999 -9999
-9999 -9999 -9999 -9999 -9999 -9999 -9999 -9999 -9999 0.51333463 0.9589722 0.91667485 0.9492974 0.9824188 1.0432378 1.0354563 1.0285491 1.0863744 1.2624487 1.276549 1.1300403 0.9443964 0.8733141 0.78190225 0.41530713 0.33230352 0.39234126 0.53724813 0.30342913 0.5295672 0.4717836 0.88773435 1.1854652 1.9322544 2.7341805 2.175173 0.69234616 0.55472237 1.0982761 1.2304066 1.4038788 0.99413574 0.46285227 0.4465291 0.32554156 0.4240191 0.35354877 0.24925935 -9999 -9999 -9999 -9999 -9999 -9999 -9999 -9999 -9999 -9999 -9999 -9999 -9999 -9999 -9999 -9999 -9999 -9999 -9999 -9999 -9999
-9999 -9999 -9999 -9999 -9999 -9999 -9999 -9999 -9999 0.7913816 0.979265 0.91544014 0.8950741 0.9263545 1.0622734 1.0309815 0.8442725 0.9058142 1.0652143 0.99129504 1.0460725 1.0881269 1.0914228 1.1219624 0.68594563 0.4227939 0.545456 0.81519806 0.7448471 0.6444626 0.5378088 1.1925262 1.4831469 1.7380193 2.3193574 2.1086562 1.0476958 0.87335676 1.1112148 1.1868763 1.2111635 1.040173 0.6247934 0.35650972 0.263479 0.41033214 0.31763735 0.20978579 0.32617688 -9999 -9999 -9999 -9999 -9999 -9999 -9999 -9999 -9999 -9999 -9999 -9999 -9999 -9999 -9999 -9999 -9999 -9999 -9999 -9999
-9999 -9999 -9999 -9999 -9999 -9999 -9999 -9999 0.68343574 0.9242285 0.9820192 0.97729045 0.9400059 0.9017474 0.9693867 1.0030963 0.85921156 0.87061596 1.0605389 0.98350966 0.9099704 0.92720413 1.1388947 1.4030623 1.066546 0.66333324 0.7097595 1.0913786 1.209548 1.3445251 1.3081365 1.980273 2.2312894 2.082782 1.9406854 1.8716315 1.3967997 1.0806589 0.9917633 0.9716266 0.8708774 0.84469485 0.92034954 0.5823402 0.28851783 0.39410573 0.4518541 0.42670155 0.46250463 0.44482028 -9999 -9999 -9999 -9999 -9999 -9999 -9999 -9999 -9999 -9999 -9999 -9999 -9999 -9999 -9999 -9999 -9999 -9999 -9999
-9999 -9999 -9999 -9999 -9999 -9999 -9999 0.6390618 0.91306716 0.9519229 0.9664255 0.9977812 1.0100262 0.9436581 0.8539351 0.82241786 0.8378144 0.8488748 0.9362334 1.0110898 1.0532087 0.89763397 0.8931788 1.3345122 1.290458 0.9787453 1.1814389 1.2658468 1.1927218 1.4392806 2.1447544 2.4336214 2.036446 1.6537243 1.7267281 1.7016889 1.262658 0.9021501 0.7377346 0.79601616 0.8481204 0.8612605 0.8441588 0.75929886 0.4879224 0.3041114 0.44283912 0.49278378 0.4433127 0.553248 0.7837375 0.8631894 -9999 -9999 -9999 -9999 -9999 -9999 -9999 -9999 -9999 -9999 -9999 -9999 -9999 -9999 -9999 -9999 -9999
-9999 -9999 -9999 -9999 -9999 -9999 0.4163556 0.67012435 0.8813799 0.97301024 0.9738182 0.9822632 1.0046421 0.986026 0.8776376 0.7636337 0.7377592 0.7460016 0.7833014 0.8425274 0.9890119 1.0811543 0.9442063 1.0115067 1.2330039 1.2979975 1.4670428 1.456089 1.2818807 1.0198593 0.99937826 1.0310069 0.8632794 0.8147895 1.0785989 1.1018708 0.9215993 0.9132294 0.86318415 0.80031174 0.76041865 0.9745567 0.91585064 0.5395132 0.63913685 0.46947664 0.3359843 0.61561424 0.61384106 0.6320563 0.35522076 0.3975442 0.73580813 -9999 -9999 -9999 -9999 -9999 -9999 -9999 -9999 -9999 -9999 -9999 -9999 -9999 -9999 -9999 -9999
-9999 -9999 -9999 -9999 -9999 1.0697731 0.76442224 0.60816264 0.7578616 0.9583136 1.0221015 0.9906452 0.97007847 0.96277237 0.9137234 0.8380845 0.7148703 0.63518554 0.6711795 0.7591401 0.8132315 0.9855803 1.1471317 1.0021569 0.96236 1.2334383 1.4953609 1.6393126 1.607548 1.4069612 1.2366202 1.104603 1.0034299 1.0237157 1.2823769 1.5600128 1.7990007 1.8195328 1.6378275 1.4865075 1.2234006 1.0786419 1.055016 0.60068345 0.40861654 0.584071 0.5505299 0.6061427 0.74143046 0.55879146 0.3609195 0.32906738 0.3019609 0.9992827 -9999 -9999 -9999 -9999 -9999 -9999 -9999 -9999 -9999 -9999 -9999 -9999 -9999 -9999 -9999
-9999 -9999 -9999 -9999 1.978761 2.398147 1.7057207 0.7766557 0.62031084 0.8435581 1.0752829 1.071818 1.0161722 0.9725781 0.91566277 0.8599563 0.6779476 0.56212974 0.60216737 0.7084382 0.77611816 0.85898125 1.0969397 1.1566783 1.0176685 1.0275338 1.2325522 1.5777727 1.9340206 2.0563786 1.739576 1.3015827 1.1654416 1.3773309 1.8528836 2.2676063 2.2422342 2.1519442 2.277534 2.5360281 2.4682448 1.9328183 1.4530638 1.1173774 0.5975411 0.43091774 0.7290694 0.77430713 0.6340698 0.61759216 0.5488655 0.7841158 0.6481684 0.7236011 1.7870615 1.7949358 -9999 -9999 -9999 -9999 -9999 -9999 -9999 -9999 -9999 -9999 -9999 -9999 -9999
-9999 -9999 -9999 1.4807891 2.890608 2.9767747 2.66726 1.5680737 0.77150404 0.7110302 1.0623493 1.2010365 1.1706915 1.1662661 1.0255808 0.84537685 0.6318891 0.49797544 0.56641805 0.6465017 0.71654195 0.80813956 0.99432737 1.18488 1.2646202 1.1489768 1.2113663 1.6024863 1.8964989 2.013355 2.0053144 1.8017533 1.5076728 1.5359548 1.9712023 2.2761774 2.4907434 2.1706586 2.042218 2.3826082 2.5153508 2.5075426 2.2251327 1.78881 1.3869811 0.7739739 0.6350632 0.9051613 0.7796271 0.609791 0.758763 0.58485866 0.94507766 0.7174954 1.3958079 1.9076214 1.8284417 -9999 -9999 -9999 -9999 -9999 -9999 -9999 -9999 -9999 -9999 -9999 -9999
-9999 -9999 -9999 2.171565 2.7424965 3.1308255 3.1701615 2.6626558 1.6463399 0.9267747 0.9921818 1.1737483 1.2644086 1.4882365 1.3560396 0.90039027 0.57412213 0.44593337 0.52182806 0.5884113 0.607517 0.7514804 0.95381993 1.0805824 1.1927543 1.2766426 1.4395225 1.5072953 1.7027301 2.3177788 2.9728525 3.105591 2.5291846 1.7414261 1.2903407 1.0112748 1.7492722 2.3551774 2.350663 2.596776 2.3719556 2.1725757 2.4303038 2.4685905 2.2257502 1.5701903 0.8539004 0.82095504 1.0027202 0.84999484 0.7854092 0.8030253 0.7862743 1.1633571 1.1669775 1.6561518 2.0708325 1.5867348 -9999 -9999 -9999 -9999 -9999 -9999 -9999 -9999 -9999 -9999 -9999
-9999 -9999 2.9961483 2.9413953 2.742889 3.0425143 3.2918787 3.2342062 2.5960293 1.6711961 1.2722421 1.2245251 1.2875592 1.8049208 2.180648 1.7280443 0.9629438 0.5301229 0.49994987 0.5372975 0.5202932 0.5781588 0.74734926 0.98491955 1.2218391 1.5205289 1.9667614 2.6429381 3.4091947 4.0230145 4.18079 3.9719517 3.4596362 2.3071709 1.2991859 0.71044046 0.49489704 0.8408029 1.240059 2.2017167 2.7041018 2.3290167 1.9495016 2.0872312 2.5493255 2.2064288 1.5045226 1.3976754 1.344024 1.2888168 0.89894783 0.74736154 0.6876119 0.693132 0.85868436 1.0182405 1.7297724 1.6274456 1.5131663 -9999 -9999 -9999 -9999 -9999 -9999 -9999 -9999 -9999 -9999
-9999 2.2817106 4.407528 3.9559283 3.2236047 2.918875 3.1753101 3.3499475 3.0768728 2.357125 1.8979317 1.7360846 1.6227393 1.9805738 2.787018 3.270961 2.6893055 1.4713669 0.7398391 0.5931443 0.5668896 0.603067 0.73205155 0.83620554 1.230662 2.0608177 3.0247653 3.8872128 4.3187346 4.1522884 3.8922937 3.8609836 3.8795466 3.2869902 2.3915596 1.482636 0.47651118 0.6815924 0.6419192 0.7587239 1.8800697 2.4098666 2.1209373 1.6587371 2.510876 2.8449278 2.6230261 2.8610423 2.6120656 2.1759975 1.7180755 0.97454435 0.791149 0.5952954 0.4358091 0.5810156 0.8272108 1.3081107 1.467196 1.3835852 -9999 -9999 -9999 -9999 -9999 -9999 -9999 -9999 -9999
-9999 2.1479561 3.3157885 4.176573 4.140626 3.4604304 3.1103153 3.2954035 3.3893237 2.8552394 2.3253398 2.2676468 2.2855287 2.2187855 2.3653727 3.1512735 3.8994834 3.4564419 2.3516345 1.4377701 0.87863547 0.79241323 0.90188944 0.77328753 1.2038708 2.3177295 3.1639955 2.9914904 2.2830486 1.9009868 2.3010507 2.7677388 3.1521134 3.2930655 3.0949278 2.4465528 1.1843544 0.72929263 0.56024057 0.42165583 0.7655718 1.6841928 2.1680212 1.625706 2.0876915 2.5976377 2.257995 2.6889286 3.3499553 3.2261298 2.716916 1.9503555 1.2326217 0.7739109 0.43428734 0.42284563 0.25722516 0.19090286 0.7338902 1.2881346 1.3179667 -9999 -9999 -9999 -9999 -9999 -9999 -9999 -9999
0.89471614 1.4403801 1.7511998 2.9089262 3.9080863 3.9062655 3.23615 2.942014 3.2145321 3.140577 2.7007945 2.50171 2.7817535 2.9922538 2.7313385 2.5990865 3.4173691 4.5119004 4.637458 3.4848485 1.9540462 1.6258686 2.0581832 2.2067919 1.8801148 2.0152462 1.7004472 0.6785295 0.42958805 0.91836756 1.1303141 1.8729511 2.3895 2.8091457 3.3223646 3.4225042 2.736204 1.9723006 0.9800157 0.42238173 0.60399914 1.0580599 1.4849448 0.92500657 1.0014242 1.4186182 1.3730464 1.5587248 2.3047764 3.062104 2.9139106 2.5863981 2.0288997 1.2106599 0.785183 0.5622459 0.33557343 0.38898098 0.28782415 0.6210897 1.2794313 1.3389959 -9999 -9999 -9999 -9999 -9999 -9999 -9999
0.65780455 1.002342 1.0231671 1.481649 2.6438107 3.3730383 3.2439697 2.6381874 2.5587645 2.884834 2.9349625 2.7012742 2.6130095 2.6567855 2.6868622 2.381054 2.4661539 3.4264593 4.786343 5.178805 3.522951 2.1251936 2.096944 2.3868139 2.3533666 1.3770533 0.67696196 1.3965073 0.8700984 0.5230136 0.53109753 1.1810644 2.0500362 2.5302553 3.3992631 4.225547 4.1420045 3.7015936 2.4324 0.5566689 0.5858529 0.9474393 1.1260806 0.8015105 0.8213218 0.5459157 0.84714574 1.3462099 1.6998951 2.365467 2.4931424 2.612811 2.5029464 1.5781415 0.9199159 0.7671233 0.5477449 0.6396029 0.83995837 0.4436254 0.9623681 1.2989879 1.1289121 -9999 -9999 -9999 -9999 -9999 -9999
1.0177153 1.0077071 0.9579945 1.1967884 1.922478 2.6270547 2.9353454 2.3313181 1.8611685 2.203913 2.4520633 2.3694603 1.9280183 1.577002 1.8276558 2.0306723 2.1584024 2.3974607 3.413242 5.109346 5.0640173 3.064329 1.7195686 1.4308258 1.4570032 1.5152272 1.2404875 0.03758427 0.8083993 0.7062721 0.26515913 0.5385515 1.2815095 1.7255594 2.1997054 2.935678 3.4096565 4.0857625 3.0779445 1.2411183 0.7921609 0.93186915 0.8391958 0.73988825 0.84496784 0.45995462 0.48412642 0.88044435 1.5936168 1.8771477 2.0254138 2.5657053 2.687856 1.9471612 1.1388026 0.7515302 0.78462255 0.5718458 0.7813343 1.3377302 0.83870095 0.63613904 1.0157928 1.0250574 -9999 -9999 -9999 -9999 -9999
-9999 1.516986 1.6003362 1.5208802 1.5787256 2.1020274 2.6256893 1.9930907 1.1180047 1.2205083 1.3023751 1.3045368 1.3640245 1.181622 1.0280942 1.1952881 1.450321 1.6128998 2.1223505 3.567378 4.9937477 4.7753944 3.2835925 1.8173282 0.8965586 0.75128484 1.340398 1.3056501 0.49692252 0.8005186 0.87228286 0.24030942 0.6482531 0.9068401 1.0212857 1.6984518 2.9545543 3.8355014 3.9167514 3.3465 2.4431818 1.587193 0.85630304 0.7469172 0.7210015 0.7294013 0.7992056 1.113652 1.2088736 1.4460793 1.7314587 2.5580277 2.6054573 1.8943622 1.4026967 0.85738367 0.8306907 1.0156442 0.7317467 1.2171432 1.9136775 1.4672923 0.87475985 1.6943772 1.8415327 -9999 -9999 -9999 -9999
-9999 1.2544523 1.6922926 1.7223928 1.7316248 1.9980668 2.211633 1.7470285 0.92430174 0.689496 0.7686924 0.86143446 1.2434411 1.1829451 0.62056786 0.15275016 0.41789982 0.59170675 0.87780786 1.7586535 3.114251 4.3591466 4.353236 3.0579894 1.6424491 0.48413208 0.62494624 1.1840665 1.1371349 0.6052308 0.9717431 1.0800004 0.52333724 0.7866811 1.0590163 1.6073202 2.1119888 2.4787102 4.0617604 4.6369205 4.0344396 2.7922406 1.7972871 1.1807433 0.6969035 0.7185375 1.046349 1.0261782 0.99487853 1.3337274 1.6872927 2.465837 2.4431162 1.4461671 1.3902763 1.4555633 1.3203475 1.2998096 1.276402 1.148985 1.2065418 2.5449631 2.6297262 2.3326972 3.1445 2.6851058 -9999 -9999 -9999
-9999 0.8989862 1.4680817 1.4953152 1.6676582 1.9795547 1.9260288 1.517434 0.92337877 0.61097807 0.90509564 1.0448407 1.1508995 1.2082739 0.73852736 0.28523168 0.5968903 0.68410635 0.28804833 0.67820936 1.4161265 2.616866 3.9861069 4.2221003 3.1828995 1.5337132 0.82649094 1.0461571 1.0911732 0.96172667 0.5862189 1.2793615 1.5647422 1.6795224 1.7537864 1.4684592 1.188367 0.33472165 0.9261 3.2363732 4.2271643 3.448994 2.867752 2.32832 1.2164752 0.79814297 1.1180911 1.2182597 1.0375968 1.1856964 1.6108283 2.37726 2.0770037 0.8862329 1.2063941 1.55141 1.6679859 1.8055129 1.5692568 1.5171512 1.7691345 1.6125975 3.3919036 4.2693734 3.2961884 2.8803337 2.1248655 -9999 -9999
-9999 -9999 0.86590016 0.95373386 0.84608614 1.2427586 1.5128443 1.267156 0.8991674 0.86685586 1.1539901 1.27819 1.2789677 1.1457938 0.68695164 0.19072926 0.74876845 1.12427 0.95475066 0.9804952 0.9533895 1.2732439 2.4346173 3.7511652 4.200989 3.202851 1.8669338 1.2326446 1.0735242 0.99547994 0.93679786 0.90544146 1.5391709 1.7662201 1.6849315 1.4773384 1.2058058 0.9384001 0.99944896 1.4180288 2.9840155 3.356123 3.4718118 3.6481328 2.4915042 1.3491583 1.2801402 1.1841288 1.1595308 1.2658485 1.5635173 2.061869 1.6405438 0.6417189 0.7150536 1.1086351 1.3141208 1.921639 2.1605961 1.6968457 1.6227505 2.6950002 3.4221861 3.222191 2.9457164 1.6600413 2.4667182 2.3123906 -9999
-9999 -9999 -9999 0.8115038 1.1815729 1.5983506 2.1762092 1.8131975 1.119233 1.0924456 1.3073404 1.4976044 1.3721874 0.9574494 0.59883726 0.29159853 1.0857432 1.590337 1.1089185 0.940731 0.94088364 1.0775408 1.5519098 2.5094023 3.9096835 4.32924 3.2902758 2.104126 1.5963991 1.25242 1.1300282 1.1073353 0.9055763 1.0295213 1.1163467 0.9321276 0.75222063 0.6957629 0.66299635 0.57176816 1.2752521 2.4831235 3.056046 3.8942177 3.5876987 2.1985989 1.7675828 1.4329752 1.1678782 1.2225748 1.2588885 1.7360015 1.8631791 0.76863784 0.31020728 0.76772445 0.6461251 1.1234312 2.2986426 2.8317244 2.6603868 2.7301412 3.8321059 2.9807017 2.473442 2.565316 2.8271918 3.755361 2.8996456
-9999 -9999 -9999 1.2302017 1.2855786 1.417583 2.0442073 2.410554 1.8753843 1.4557563 1.5165114 1.6184254 1.2792073 0.8921166 0.6849657 0.51203924 1.3147857 1.8507895 1.112029 0.29988363 0.45864862 0.98200995 1.2185085 1.5480055 2.6123085 3.8970702 4.038595 3.2132618 2.5124369 1.8353901 1.2580559 1.1819158 0.98943156 0.7426506 0.70630467 0.5423689 0.3654888 0.22017561 0.14833127 0.2146548 0.31304115 1.1702293 1.9414074 3.063183 3.7521217 2.8822172 2.4999073 1.9511251 1.1697257 0.891036 0.80820376 1.4951353 2.0769281 1.5466388 1.1291475 1.3215505 1.3324683 1.3901188 2.208119 3.3620245 3.3516035 2.9701228 3.278774 3.5402098 2.3121617 3.399049 3.3004303 3.6354353 3.2233982
