example_catchment/sve_example_catchment_bm_manty_neulaset.asc
ncols         139
nrows         162
xllcorner     572256
yllcorner     7071344
cellsize      16
NODATA_value  -9999
[rows 38 to 75 of 162, columns 0 to 84 of 139]
-9999 -9999 -9999 -9999 -9999 -9999 -9999 -9999 -9999 -9999 0 0 0 0 0 0 0 0 122 189 274 268 208 180 122 114 162 220 137 70 165 229 292 432 262 256 369 430 361 257 152 332 311 275 289 190 228 -9999 -9999 -9999 -9999 -9999 -9999 -9999 -9999 -9999 -9999 -9999 -9999 -9999 -9999 -9999 -9999 -9999 -9999 -9999 -9999 -9999 -9999 -9999 -9999 -9999 -9999 -9999 -9999 -9999 -9999 -9999 -9999 -9999 -9999 -9999 -9999 -9999 -9999
-9999 -9999 -9999 -9999 -9999 -9999 -9999 -9999 -9999 0 0 0 0 0 0 0 0 0 114 81 179 209 152 103 92 129 156 131 93 168 155 172 220 262 322 323 362 308 338 160 135 111 269 218 332 144 114 297 -9999 -9999 -9999 -9999 -9999 -9999 -9999 -9999 -9999 -9999 -9999 -9999 -9999 -9999 -9999 -9999 -9999 -9999 -9999 -9999 -9999 -9999 -9999 -9999 -9999 -9999 -9999 -9999 -9999 -9999 -9999 -9999 -9999 -9999 -9999 -9999 -9999
-9999 -9999 -9999 -9999 -9999 -9999 -9999 -9999 -9999 0 0 0 0 0 0 0 0 0 18 32 168 148 270 201 111 72 130 218 233 94 88 65 174 121 236 288 108 124 64 52 56 109 136 150 312 89 108 116 301 -9999 -9999 -9999 -9999 -9999 -9999 -9999 -9999 -9999 -9999 -9999 -9999 -9999 -9999 -9999 -9999 -9999 -9999 -9999 -9999 -9999 -9999 -9999 -9999 -9999 -9999 -9999 -9999 -9999 -9999 -9999 -9999 -9999 -9999 -9999 -9999
-9999 -9999 -9999 -9999 -9999 -9999 -9999 -9999 0 0 0 0 0 0 0 0 0 0 0 25 44 197 115 142 132 94 166 149 166 108 42 7 27 129 170 242 129 72 57 52 80 137 131 343 243 295 226 195 236 266 -9999 -9999 -9999 -9999 -9999 -9999 -9999 -9999 -9999 -9999 -9999 -9999 -9999 -9999 -9999 -9999 -9999 -9999 -9999 -9999 -9999 -9999 -9999 -9999 -9999 -9999 -9999 -9999 -9999 -9999 -9999 -9999 -9999 -9999 -9999
-9999 -9999 -9999 -9999 -9999 -9999 -9999 33 0 0 0 0 0 0 0 0 0 0 0 0 0 93 64 69 270 177 184 152 168 139 94 89 13 12 9 152 222 87 52 45 49 141 159 450 240 327 289 284 151 390 234 224 -9999 -9999 -9999 -9999 -9999 -9999 -9999 -9999 -9999 -9999 -9999 -9999 -9999 -9999 -9999 -9999 -9999 -9999 -9999 -9999 -9999 -9999 -9999 -9999 -9999 -9999 -9999 -9999 -9999 -9999 -9999 -9999 -9999
-9999 -9999 -9999 -9999 -9999 -9999 87 8 33 0 0 0 0 0 0 0 0 0 0 0 0 0 70 149 193 209 236 163 132 114 90 127 35 13 10 46 163 215 138 62 100 127 159 129 408 445 331 269 337 308 247 289 257 -9999 -9999 -9999 -9999 -9999 -9999 -9999 -9999 -9999 -9999 -9999 -9999 -9999 -9999 -9999 -9999 -9999 -9999 -9999 -9999 -9999 -9999 -9999 -9999 -9999 -9999 -9999 -9999 -9999 -9999 -9999 -9999
-9999 -9999 -9999 -9999 -9999 162 120 84 33 0 0 0 0 0 0 0 0 0 0 0 0 0 0 72 59 105 209 207 151 189 235 227 159 138 184 174 154 248 197 158 129 73 107 139 121 314 338 303 234 200 240 337 210 285 -9999 -9999 -9999 -9999 -9999 -9999 -9999 -9999 -9999 -9999 -9999 -9999 -9999 -9999 -9999 -9999 -9999 -9999 -9999 -9999 -9999 -9999 -9999 -9999 -9999 -9999 -9999 -9999 -9999 -9999 -9999
-9999 -9999 -9999 -9999 303 206 230 94 61 39 0 0 0 0 0 0 0 0 0 0 0 0 0 0 56 31 84 178 326 314 136 198 178 242 175 153 174 178 157 211 166 131 67 59 126 103 331 264 314 239 213 324 261 270 289 294 -9999 -9999 -9999 -9999 -9999 -9999 -9999 -9999 -9999 -9999 -9999 -9999 -9999 -9999 -9999 -9999 -9999 -9999 -9999 -9999 -9999 -9999 -9999 -9999 -9999 -9999 -9999 -9999 -9999
-9999 -9999 -9999 234 254 281 246 99 88 33 44 164 0 0 0 0 0 0 0 0 0 0 0 0 0 125 164 122 333 320 37 198 181 195 248 340 283 170 112 156 204 372 174 293 320 123 96 297 170 315 294 271 330 274 283 308 337 -9999 -9999 -9999 -9999 -9999 -9999 -9999 -9999 -9999 -9999 -9999 -9999 -9999 -9999 -9999 -9999 -9999 -9999 -9999 -9999 -9999 -9999 -9999 -9999 -9999 -9999 -9999 -9999
-9999 -9999 -9999 133 425 156 266 158 169 153 230 294 224 143 0 0 0 0 0 0 0 0 0 0 148 138 330 171 229 155 312 221 196 178 207 389 310 301 236 156 184 368 264 463 304 380 124 127 166 433 204 365 262 197 271 253 327 206 -9999 -9999 -9999 -9999 -9999 -9999 -9999 -9999 -9999 -9999 -9999 -9999 -9999 -9999 -9999 -9999 -9999 -9999 -9999 -9999 -9999 -9999 -9999 -9999 -9999 -9999 -9999
-9999 -9999 -9999 63 197 197 155 174 174 241 173 141 182 73 199 103 0 0 0 0 0 0 95 178 133 263 231 163 187 193 131 291 76 68 7 73 200 142 86 125 120 171 231 339 388 240 383 262 355 392 113 183 330 261 166 261 201 238 283 -9999 -9999 -9999 -9999 -9999 -9999 -9999 -9999 -9999 -9999 -9999 -9999 -9999 -9999 -9999 -9999 -9999 -9999 -9999 -9999 -9999 -9999 -9999 -9999 -9999 -9999
-9999 124 64 -9999 218 183 395 329 354 223 246 256 356 308 76 282 194 160 200 128 158 138 372 283 243 216 152 168 42 91 76 113 227 116 31 73 123 132 214 100 91 123 123 310 334 368 381 319 375 314 270 130 292 330 404 233 274 313 283 344 -9999 -9999 -9999 -9999 -9999 -9999 -9999 -9999 -9999 -9999 -9999 -9999 -9999 -9999 -9999 -9999 -9999 -9999 -9999 -9999 -9999 -9999 -9999 -9999 -9999
-9999 98 63 273 87 -9999 258 124 130 108 59 157 269 323 148 159 362 52 90 280 200 253 184 336 294 156 183 154 165 125 167 129 62 40 0 0 29 150 187 186 252 204 188 172 345 309 341 420 440 298 291 297 290 328 231 302 152 97 253 300 211 -9999 -9999 -9999 -9999 -9999 -9999 -9999 -9999 -9999 -9999 -9999 -9999 -9999 -9999 -9999 -9999 -9999 -9999 -9999 -9999 -9999 -9999 -9999 -9999
281 115 73 88 163 375 181 -9999 117 95 150 106 143 145 192 319 109 261 147 121 133 112 99 209 168 230 140 -9999 241 168 16 217 76 62 76 37 38 72 303 207 339 294 172 240 388 289 331 320 220 221 247 339 240 180 234 156 355 417 328 336 354 184 -9999 -9999 -9999 -9999 -9999 -9999 -9999 -9999 -9999 -9999 -9999 -9999 -9999 -9999 -9999 -9999 -9999 -9999 -9999 -9999 -9999 -9999 -9999
261 210 40 137 293 196 195 277 68 -9999 -9999 62 90 72 64 172 112 345 337 144 166 119 148 381 250 -9999 68 398 291 -9999 208 114 118 135 189 55 37 407 114 73 222 293 326 332 267 263 259 311 326 313 304 233 322 244 229 260 332 404 261 375 327 340 224 -9999 -9999 -9999 -9999 -9999 -9999 -9999 -9999 -9999 -9999 -9999 -9999 -9999 -9999 -9999 -9999 -9999 -9999 -9999 -9999 -9999 -9999
125 176 157 154 340 110 145 158 218 284 125 151 -9999 -9999 -9999 262 110 171 69 157 209 79 152 173 -9999 225 202 160 171 213 231 -9999 164 52 109 141 101 123 157 200 324 311 260 201 182 203 195 284 232 316 281 224 242 259 239 98 83 180 182 252 367 285 305 443 -9999 -9999 -9999 -9999 -9999 -9999 -9999 -9999 -9999 -9999 -9999 -9999 -9999 -9999 -9999 -9999 -9999 -9999 -9999 -9999 -9999
-9999 182 114 206 55 311 147 166 129 148 247 294 195 191 54 312 28 -9999 -9999 -9999 134 142 85 -9999 160 220 82 138 147 250 252 232 141 -9999 -9999 186 58 33 68 152 342 145 292 243 231 313 191 269 360 251 356 328 314 237 182 92 325 271 290 329 93 114 211 489 445 -9999 -9999 -9999 -9999 -9999 -9999 -9999 -9999 -9999 -9999 -9999 -9999 -9999 -9999 -9999 -9999 -9999 -9999 -9999 -9999
-9999 107 132 176 186 131 296 394 183 236 223 205 276 192 154 196 114 87 239 165 261 296 266 303 350 177 251 197 192 130 254 259 104 54 261 -9999 -9999 130 67 182 115 51 185 302 226 388 395 297 263 219 270 279 341 120 240 226 380 200 295 304 203 148 344 352 470 325 -9999 -9999 -9999 -9999 -9999 -9999 -9999 -9999 -9999 -9999 -9999 -9999 -9999 -9999 -9999 -9999 -9999 -9999 -9999
-9999 160 154 220 254 98 287 398 448 454 526 228 325 159 191 132 151 60 83 133 290 339 349 343 445 228 184 234 201 207 162 132 76 54 31 35 41 122 -9999 -9999 302 384 82 194 371 313 192 271 215 302 281 227 172 284 153 254 194 312 262 206 260 320 330 279 370 196 136 -9999 -9999 -9999 -9999 -9999 -9999 -9999 -9999 -9999 -9999 -9999 -9999 -9999 -9999 -9999 -9999 -9999 -9999
-9999 -9999 157 139 155 185 177 251 325 279 240 245 219 200 217 209 124 53 26 111 287 211 245 360 303 476 288 294 299 75 79 77 140 13 18 33 144 114 105 85 300 141 183 298 422 267 283 301 173 197 176 247 155 271 275 144 158 352 290 324 380 355 328 293 220 196 188 220 -9999 -9999 -9999 -9999 -9999 -9999 -9999 -9999 -9999 -9999 -9999 -9999 -9999 -9999 -9999 -9999 -9999
-9999 -9999 -9999 319 336 211 213 331 325 225 216 214 209 118 314 328 191 173 142 153 382 252 282 355 351 298 448 225 240 90 63 7 18 14 19 0 12 120 8 108 60 36 32 186 213 316 342 288 225 158 76 311 308 392 212 238 476 339 322 311 382 288 144 122 52 90 155 194 266 -9999 -9999 -9999 -9999 -9999 -9999 -9999 -9999 -9999 -9999 -9999 -9999 -9999 -9999 -9999 -9999
-9999 -9999 -9999 517 527 372 220 327 315 325 214 217 176 143 330 330 149 201 103 226 211 326 296 362 361 301 287 443 345 198 92 38 91 0 19 18 16 21 30 151 64 25 65 240 180 197 209 275 256 120 137 374 281 403 341 316 260 306 366 351 271 135 207 265 60 221 130 170 303 357 -9999 -9999 -9999 -9999 -9999 -9999 -9999 -9999 -9999 -9999 -9999 -9999 -9999 -9999 -9999
-9999 -9999 -9999 -9999 413 266 371 313 135 130 246 309 300 267 226 150 332 299 50 109 278 249 288 317 278 274 304 307 224 161 91 69 46 11 40 17 20 0 42 26 18 0 43 77 178 149 235 294 314 269 282 284 266 240 288 245 251 334 232 184 138 265 43 58 52 225 158 202 305 419 378 -9999 -9999 -9999 -9999 -9999 -9999 -9999 -9999 -9999 -9999 -9999 -9999 -9999 -9999
-9999 -9999 -9999 -9999 -9999 333 201 278 123 137 128 108 167 125 239 199 152 203 132 47 236 258 249 216 215 267 258 123 252 383 196 189 191 108 82 0 0 38 31 28 19 0 18 16 15 108 304 158 339 231 287 290 284 291 236 374 338 208 193 196 322 98 38 85 120 289 254 190 228 326 295 304 -9999 -9999 -9999 -9999 -9999 -9999 -9999 -9999 -9999 -9999 -9999 -9999 -9999
-9999 -9999 -9999 -9999 -9999 -9999 138 190 126 115 143 124 115 154 207 274 183 255 202 183 144 336 149 248 324 302 258 123 113 338 294 372 268 67 92 25 18 26 77 33 21 15 0 78 26 54 45 71 220 218 188 192 235 161 114 327 423 340 383 223 255 50 67 120 74 58 56 50 191 433 468 276 317 -9999 -9999 -9999 -9999 -9999 -9999 -9999 -9999 -9999 -9999 -9999 -9999
-9999 -9999 -9999 -9999 -9999 -9999 -9999 359 365 162 128 126 215 262 205 223 145 119 373 141 196 221 290 275 290 297 274 258 246 354 296 371 125 194 42 24 20 30 39 43 17 0 0 0 30 0 0 72 197 249 107 193 151 121 151 148 119 251 153 296 237 52 57 24 89 0 31 69 156 192 275 260 299 285 -9999 -9999 -9999 -9999 -9999 -9999 -9999 -9999 -9999 -9999 -9999
-9999 -9999 -9999 -9999 -9999 -9999 -9999 -9999 133 339 155 134 263 253 254 220 211 195 318 295 35 255 192 163 178 453 329 315 256 262 320 309 158 140 14 131 26 0 0 0 18 11 21 0 0 19 0 0 140 299 55 190 238 250 153 148 246 234 234 237 368 309 440 287 305 67 20 100 95 106 147 277 349 281 305 -9999 -9999 -9999 -9999 -9999 -9999 -9999 -9999 -9999 -9999
-9999 -9999 -9999 -9999 -9999 -9999 -9999 -9999 -9999 358 156 131 229 255 274 288 261 359 142 298 246 83 79 76 165 189 279 257 234 213 258 150 12 320 53 95 64 19 18 19 10 52 128 77 0 20 0 0 167 330 95 49 146 235 122 145 156 229 210 214 242 134 136 86 277 409 6 108 6 71 198 214 371 265 228 350 -9999 -9999 -9999 -9999 -9999 -9999 -9999 -9999 -9999
-9999 -9999 -9999 -9999 -9999 -9999 -9999 -9999 -9999 358 397 132 230 299 220 253 229 252 394 256 532 295 241 78 94 127 160 259 79 0 213 252 206 134 443 116 111 8 20 18 11 70 86 83 0 17 0 0 153 179 129 61 44 125 238 277 263 293 249 219 256 160 136 135 253 309 70 247 42 29 9 251 249 308 358 415 -9999 -9999 -9999 -9999 -9999 -9999 -9999 -9999 -9999
-9999 -9999 -9999 -9999 -9999 -9999 -9999 -9999 -9999 -9999 386 132 258 275 178 232 166 215 229 232 518 510 446 117 177 228 348 171 269 66 21 35 283 123 97 127 8 29 22 0 0 0 0 0 0 0 0 72 350 144 66 53 58 62 113 243 304 302 310 318 253 200 144 151 371 309 7 192 109 12 11 94 94 344 410 343 199 -9999 -9999 -9999 -9999 -9999 -9999 -9999 -9999
-9999 -9999 -9999 -9999 -9999 -9999 -9999 -9999 -9999 -9999 -9999 237 133 249 240 118 193 193 259 292 136 429 233 292 423 179 173 243 227 124 0 0 112 224 153 207 133 97 56 0 0 0 0 0 0 0 0 213 160 63 56 89 86 77 60 161 306 296 325 317 318 266 213 175 167 345 400 245 111 8 38 12 83 189 353 293 275 189 -9999 -9999 -9999 -9999 -9999 -9999 -9999
-9999 -9999 -9999 -9999 -9999 -9999 -9999 -9999 -9999 -9999 -9999 -9999 253 342 202 104 151 203 232 302 246 279 404 190 178 274 134 170 147 294 16 0 275 156 309 319 185 128 112 70 0 0 0 0 0 0 92 252 69 65 66 74 74 51 59 58 144 275 306 300 320 263 293 279 316 82 163 65 156 21 8 10 8 73 234 206 232 187 -9999 -9999 -9999 -9999 -9999 -9999 -9999
-9999 -9999 -9999 -9999 -9999 -9999 -9999 -9999 -9999 -9999 -9999 -9999 -9999 319 137 205 75 138 195 158 194 107 143 68 39 182 225 297 152 231 0 105 277 63 85 180 444 246 234 160 0 0 0 0 0 0 129 145 57 70 76 123 127 70 103 93 94 147 241 265 249 240 245 253 258 242 150 308 41 27 9 9 9 121 199 310 286 427 383 -9999 -9999 -9999 -9999 -9999 -9999
-9999 -9999 -9999 -9999 -9999 -9999 -9999 -9999 -9999 -9999 -9999 -9999 -9999 -9999 284 283 210 115 272 204 248 136 341 154 282 269 240 211 108 146 266 140 204 252 202 147 249 281 242 201 173 62 0 0 0 0 127 178 73 109 76 105 99 114 162 159 111 76 7 227 167 237 237 244 262 249 240 118 372 48 15 9 9 123 81 253 248 312 253 -9999 -9999 -9999 -9999 -9999 -9999
-9999 -9999 -9999 -9999 -9999 -9999 -9999 -9999 -9999 -9999 -9999 -9999 -9999 -9999 276 289 176 89 270 360 197 231 311 182 206 395 222 177 210 111 204 149 389 338 292 106 285 109 114 240 204 236 17 0 0 0 71 186 65 66 66 66 54 53 72 100 63 55 55 106 8 28 200 267 312 252 175 81 109 81 95 9 9 11 95 222 269 280 425 398 -9999 -9999 -9999 -9999 -9999
-9999 -9999 -9999 -9999 -9999 -9999 -9999 -9999 -9999 -9999 -9999 -9999 -9999 -9999 -9999 248 338 298 103 58 141 216 251 217 295 210 312 209 163 39 238 113 100 237 131 138 333 233 260 260 310 132 168 0 0 0 0 257 112 47 46 55 42 45 46 44 44 44 43 51 158 111 6 112 203 115 202 274 113 333 443 9 31 11 15 105 155 241 264 330 -9999 -9999 -9999 -9999 -9999
-9999 -9999 -9999 -9999 -9999 -9999 -9999 -9999 -9999 -9999 -9999 -9999 -9999 -9999 -9999 -9999 180 85 58 46 51 121 133 244 230 233 107 278 143 106 89 119 299 130 131 72 185 114 306 294 70 19 253 114 0 0 0 160 179 51 45 49 41 45 44 44 44 44 45 42 69 153 100 13 116 191 272 267 208 204 257 195 132 82 135 44 120 195 258 427 436 -9999 -9999 -9999 -9999
-9999 -9999 -9999 -9999 -9999 -9999 -9999 -9999 -9999 -9999 -9999 -9999 -9999 -9999 -9999 -9999 -9999 15 0 0 0 11 70 93 238 158 165 111 279 265 130 330 179 118 119 38 0 20 250 234 69 0 322 214 0 0 0 153 191 59 57 44 37 38 38 44 43 44 56 54 51 152 164 191 116 30 35 72 110 106 272 306 180 229 224 187 68 116 151 186 223 333 -9999 -9999 -9999
