example_catchment/sve_example_catchment_kuusi.asc
ncols         139
nrows         162
xllcorner     572256
yllcorner     7071344
cellsize      16
NODATA_value  -9999
[rows 74 to 110 of 162, columns 0 to 84 of 139]
-9999 -9999 -9999 -9999 -9999 -9999 -9999 -9999 -9999 -9999 -9999 -9999 -9999 -9999 -9999 -9999 73 68 3 6 10 10 4 16 42 33 50 41 62 69 38 36 14 27 49 47 27 12 36 97 159 187 12 16 0 0 0 7 71 187 197 184 184 189 195 197 194 188 186 203 227 199 186 189 201 156 108 81 71 72 33 10 21 27 21 17 56 17 27 10 9 -9999 -9999 -9999 -9999
-9999 -9999 -9999 -9999 -9999 -9999 -9999 -9999 -9999 -9999 -9999 -9999 -9999 -9999 -9999 -9999 -9999 3 0 0 0 11 3 5 17 37 59 172 100 85 80 6 36 9 17 1 8 48 24 46 161 202 69 6 1 0 0 19 88 177 182 184 204 206 211 197 199 186 184 184 187 199 188 177 235 230 207 191 185 163 103 34 28 15 7 5 7 12 19 40 42 27 -9999 -9999 -9999
-9999 -9999 -9999 -9999 -9999 -9999 -9999 -9999 -9999 -9999 -9999 -9999 -9999 -9999 -9999 -9999 -9999 -9999 -9999 0 0 0 0 28 12 61 95 189 177 139 149 51 55 72 40 25 13 5 90 20 202 201 183 56 2 0 0 16 59 181 182 186 207 198 197 206 197 187 184 184 184 184 187 195 200 180 176 218 165 176 198 184 99 99 42 19 6 5 13 38 42 17 27 -9999 -9999
-9999 -9999 -9999 -9999 -9999 -9999 -9999 -9999 -9999 -9999 -9999 -9999 -9999 -9999 -9999 -9999 -9999 -9999 -9999 -9999 0 0 0 0 10 9 6 41 86 150 195 35 15 4 20 13 16 30 38 21 103 158 184 112 25 1 0 17 28 181 175 185 211 213 207 205 188 184 184 184 184 184 203 183 198 226 222 199 190 186 187 226 225 201 136 37 49 16 14 61 25 35 17 -9999 -9999
-9999 -9999 -9999 -9999 -9999 -9999 -9999 -9999 -9999 -9999 -9999 -9999 -9999 -9999 -9999 -9999 -9999 -9999 -9999 -9999 -9999 0 0 0 0 4 11 16 23 117 108 21 2 11 20 121 15 41 54 54 62 84 114 97 27 18 8 20 54 182 170 186 194 196 198 208 184 184 184 184 183 137 143 215 174 196 198 202 183 172 192 171 202 221 159 122 9 10 17 13 16 23 13 21 -9999
-9999 -9999 -9999 -9999 -9999 -9999 -9999 -9999 -9999 -9999 -9999 -9999 -9999 -9999 -9999 -9999 -9999 -9999 -9999 -9999 -9999 -9999 0 0 0 0 0 21 0 8 1 0 0 0 2 79 147 175 138 103 88 85 89 71 44 17 2 13 77 183 183 184 189 197 200 191 184 184 184 184 144 137 134 139 201 205 181 189 176 144 174 106 99 212 197 210 96 46 10 5 20 12 24 9 13
-9999 -9999 -9999 -9999 -9999 -9999 -9999 -9999 -9999 -9999 -9999 -9999 -9999 -9999 -9999 -9999 -9999 -9999 -9999 -9999 -9999 -9999 -9999 0 0 0 0 0 0 4 0 0 0 0 0 14 85 157 169 164 72 85 69 49 15 49 67 39 75 144 183 184 184 189 199 193 185 184 186 184 184 142 137 131 141 173 193 192 190 189 173 112 98 208 196 212 147 77 29 33 64 3 37 27 15
-9999 -9999 -9999 -9999 -9999 -9999 -9999 -9999 -9999 -9999 -9999 -9999 -9999 -9999 -9999 -9999 -9999 -9999 -9999 -9999 -9999 -9999 -9999 -9999 0 0 0 0 0 0 0 0 7 24 20 10 7 26 80 107 70 81 83 48 66 176 187 161 140 104 139 184 184 184 184 184 185 194 191 189 185 184 184 141 143 169 176 187 192 190 175 89 97 196 214 205 200 98 9 0 2 41 10 13 6
-9999 -9999 -9999 -9999 -9999 -9999 -9999 -9999 -9999 -9999 -9999 -9999 -9999 -9999 -9999 -9999 -9999 -9999 -9999 -9999 -9999 -9999 -9999 -9999 -9999 0 0 0 0 0 0 5 22 1 0 0 12 0 8 47 110 115 112 63 21 100 117 107 132 121 130 141 141 143 156 183 183 196 195 196 193 184 184 184 184 173 173 170 184 188 177 134 112 129 187 192 192 150 105 9 20 19 6 24 2
-9999 -9999 -9999 -9999 -9999 -9999 -9999 -9999 -9999 -9999 -9999 -9999 -9999 -9999 -9999 -9999 -9999 -9999 -9999 -9999 -9999 -9999 -9999 -9999 -9999 -9999 -9999 0 0 0 0 7 23 9 0 0 0 0 0 26 115 114 199 116 93 87 103 125 134 165 131 128 125 108 109 130 183 192 207 201 191 185 184 184 184 184 170 133 138 173 177 109 111 100 125 189 188 103 98 160 13 9 13 6 6
-9999 -9999 -9999 -9999 -9999 -9999 -9999 -9999 -9999 -9999 -9999 -9999 -9999 -9999 -9999 -9999 -9999 -9999 -9999 -9999 -9999 -9999 -9999 -9999 -9999 -9999 -9999 -9999 0 0 0 0 1 0 0 0 0 0 9 11 183 112 199 211 116 78 65 146 156 161 185 190 110 92 92 118 183 186 203 203 184 184 185 185 184 184 184 139 135 151 174 179 110 122 184 164 188 86 73 4 47 13 8 20 6
-9999 -9999 -9999 -9999 -9999 -9999 -9999 -9999 -9999 -9999 -9999 -9999 -9999 -9999 -9999 -9999 -9999 -9999 -9999 -9999 -9999 -9999 -9999 -9999 -9999 -9999 -9999 -9999 -9999 -9999 0 0 0 0 0 0 0 1 14 28 194 117 210 173 116 100 42 48 98 116 209 166 115 116 95 135 180 186 187 202 194 199 207 196 184 142 115 104 144 136 184 224 220 151 166 196 175 87 10 8 48 58 23 5 4
-9999 -9999 -9999 -9999 -9999 -9999 -9999 -9999 -9999 -9999 -9999 -9999 -9999 -9999 -9999 -9999 -9999 -9999 -9999 -9999 -9999 -9999 -9999 -9999 -9999 -9999 -9999 -9999 -9999 -9999 -9999 0 0 0 0 0 0 20 78 91 186 171 158 161 116 106 79 53 44 105 113 112 108 110 99 162 176 186 188 199 207 208 200 188 174 106 76 104 207 184 184 223 221 216 220 219 147 92 9 10 41 91 93 3 23
-9999 -9999 -9999 -9999 -9999 -9999 -9999 -9999 -9999 -9999 -9999 -9999 -9999 -9999 -9999 -9999 -9999 -9999 -9999 -9999 -9999 -9999 -9999 -9999 -9999 -9999 -9999 -9999 -9999 -9999 -9999 -9999 0 0 0 0 13 6 123 184 181 193 184 99 68 105 84 56 70 100 101 100 97 114 58 136 183 184 183 184 184 184 184 184 184 145 126 183 212 183 183 182 222 221 185 188 197 104 98 3 56 57 58 60 90
-9999 -9999 -9999 -9999 -9999 -9999 -9999 -9999 -9999 -9999 -9999 -9999 -9999 -9999 -9999 -9999 -9999 -9999 -9999 -9999 -9999 -9999 -9999 -9999 -9999 -9999 -9999 -9999 -9999 -9999 -9999 -9999 -9999 -9999 0 0 3 3 183 182 180 184 177 110 13 62 72 84 89 74 55 110 82 39 53 90 91 138 183 183 183 144 136 138 145 150 190 188 215 184 183 183 185 199 187 190 192 114 137 72 61 59 64 71 72
-9999 -9999 -9999 -9999 -9999 -9999 -9999 -9999 -9999 -9999 -9999 -9999 -9999 -9999 -9999 -9999 -9999 -9999 -9999 -9999 -9999 -9999 -9999 -9999 -9999 -9999 -9999 -9999 -9999 -9999 -9999 -9999 -9999 -9999 -9999 0 2 17 181 182 185 184 184 187 157 72 78 78 100 67 73 90 39 37 61 94 68 116 155 183 183 135 81 84 144 205 190 214 125 132 141 184 185 188 189 188 189 184 93 52 61 64 85 90 68
-9999 -9999 -9999 -9999 -9999 -9999 -9999 -9999 -9999 -9999 -9999 -9999 -9999 -9999 -9999 -9999 -9999 -9999 -9999 -9999 -9999 -9999 -9999 -9999 -9999 -9999 -9999 -9999 -9999 -9999 -9999 -9999 -9999 -9999 -9999 -9999 -9999 20 181 183 184 184 184 184 144 130 65 40 45 46 49 33 49 91 195 156 88 121 183 182 183 143 78 78 131 189 195 214 110 92 81 167 189 184 184 183 185 191 173 165 105 87 64 106 106
-9999 -9999 -9999 -9999 -9999 -9999 -9999 -9999 -9999 -9999 -9999 -9999 -9999 -9999 -9999 -9999 -9999 -9999 -9999 -9999 -9999 -9999 -9999 -9999 -9999 -9999 -9999 -9999 -9999 -9999 -9999 -9999 -9999 -9999 -9999 -9999 -9999 -9999 183 183 142 144 184 184 173 172 94 78 106 75 47 55 103 183 177 232 151 180 176 184 184 184 129 98 115 192 195 205 109 47 46 115 205 211 186 183 186 238 185 159 143 99 91 107 102
-9999 -9999 -9999 -9999 -9999 -9999 -9999 -9999 -9999 -9999 -9999 -9999 -9999 -9999 -9999 -9999 -9999 -9999 -9999 -9999 -9999 -9999 -9999 -9999 -9999 -9999 -9999 -9999 -9999 -9999 -9999 -9999 -9999 -9999 -9999 -9999 -9999 -9999 -9999 -9999 183 139 142 167 171 169 149 132 97 84 84 137 184 203 132 202 194 172 184 185 185 184 170 100 117 132 185 192 113 24 62 124 215 211 214 197 185 179 229 162 122 150 104 95 83
-9999 -9999 -9999 -9999 -9999 -9999 -9999 -9999 -9999 -9999 -9999 -9999 -9999 -9999 -9999 -9999 -9999 -9999 -9999 -9999 -9999 -9999 -9999 -9999 -9999 -9999 -9999 -9999 -9999 -9999 -9999 -9999 -9999 -9999 -9999 -9999 -9999 -9999 -9999 -9999 -9999 183 133 126 137 169 168 147 126 132 140 184 172 141 186 207 169 211 183 184 185 184 175 103 100 133 173 145 107 80 75 161 206 208 202 200 184 204 199 178 140 150 113 83 97
-9999 -9999 -9999 -9999 -9999 -9999 -9999 -9999 -9999 -9999 -9999 -9999 -9999 -9999 -9999 -9999 -9999 -9999 -9999 -9999 -9999 -9999 -9999 -9999 -9999 -9999 -9999 -9999 -9999 -9999 -9999 -9999 -9999 -9999 -9999 -9999 -9999 -9999 -9999 -9999 -9999 -9999 -9999 131 138 184 184 184 175 184 186 184 135 107 169 152 196 182 176 186 190 175 216 133 99 103 120 88 102 106 167 197 167 167 171 176 212 201 224 220 175 181 224 113 99
-9999 -9999 -9999 -9999 -9999 -9999 -9999 -9999 -9999 -9999 -9999 -9999 -9999 -9999 -9999 -9999 -9999 -9999 -9999 -9999 -9999 -9999 -9999 -9999 -9999 -9999 -9999 -9999 -9999 -9999 -9999 -9999 -9999 -9999 -9999 -9999 -9999 -9999 -9999 -9999 -9999 -9999 -9999 -9999 184 184 184 185 191 200 196 186 136 85 186 212 198 180 155 203 181 84 191 235 206 147 100 100 169 217 184 176 179 186 174 173 258 262 219 187 180 231 162 187 110
-9999 -9999 -9999 -9999 -9999 -9999 -9999 -9999 -9999 -9999 -9999 -9999 -9999 -9999 -9999 -9999 -9999 -9999 -9999 -9999 -9999 -9999 -9999 -9999 -9999 -9999 -9999 -9999 -9999 -9999 -9999 -9999 -9999 -9999 -9999 -9999 -9999 -9999 -9999 -9999 -9999 -9999 -9999 -9999 -9999 -9999 189 194 250 257 259 193 169 153 223 143 189 166 160 196 160 148 216 96 143 151 184 205 184 174 168 171 228 174 205 215 215 256 258 291 290 186 227 77 79
-9999 -9999 -9999 -9999 -9999 -9999 -9999 -9999 -9999 -9999 -9999 -9999 -9999 -9999 -9999 -9999 -9999 -9999 -9999 -9999 -9999 -9999 -9999 -9999 -9999 -9999 -9999 -9999 -9999 -9999 -9999 -9999 -9999 -9999 -9999 -9999 -9999 -9999 -9999 -9999 -9999 -9999 -9999 -9999 -9999 -9999 -9999 195 243 249 230 205 184 183 183 164 242 156 160 211 207 227 227 208 143 115 169 179 190 225 228 176 102 111 199 174 249 246 266 267 250 174 225 178 176
-9999 -9999 -9999 -9999 -9999 -9999 -9999 -9999 -9999 -9999 -9999 -9999 -9999 -9999 -9999 -9999 -9999 -9999 -9999 -9999 -9999 -9999 -9999 -9999 -9999 -9999 -9999 -9999 -9999 -9999 -9999 -9999 -9999 -9999 -9999 -9999 -9999 -9999 -9999 -9999 -9999 -9999 -9999 -9999 -9999 -9999 -9999 -9999 231 231 196 169 184 191 174 147 195 174 157 173 209 206 212 224 129 140 195 211 207 205 113 97 89 102 110 205 172 170 169 180 210 211 215 175 150
-9999 -9999 -9999 -9999 -9999 -9999 -9999 -9999 -9999 -9999 -9999 -9999 -9999 -9999 -9999 -9999 -9999 -9999 -9999 -9999 -9999 -9999 -9999 -9999 -9999 -9999 -9999 -9999 -9999 -9999 -9999 -9999 -9999 -9999 -9999 -9999 -9999 -9999 -9999 -9999 -9999 -9999 -9999 -9999 -9999 -9999 -9999 -9999 -9999 190 162 199 184 192 190 210 187 155 162 211 224 201 222 224 208 223 227 201 222 229 71 71 93 89 100 232 204 200 204 204 203 206 214 175 169
-9999 -9999 -9999 -9999 -9999 -9999 -9999 -9999 -9999 -9999 -9999 -9999 -9999 -9999 -9999 -9999 -9999 -9999 -9999 -9999 -9999 -9999 -9999 -9999 -9999 -9999 -9999 -9999 -9999 -9999 -9999 -9999 -9999 -9999 -9999 -9999 -9999 -9999 -9999 -9999 -9999 -9999 -9999 -9999 -9999 -9999 -9999 -9999 -9999 -9999 -9999 186 184 188 187 170 167 88 153 211 213 223 218 223 216 224 234 210 180 197 75 81 135 81 53 118 231 219 236 229 240 204 213 178 237
-9999 -9999 -9999 -9999 -9999 -9999 -9999 -9999 -9999 -9999 -9999 -9999 -9999 -9999 -9999 -9999 -9999 -9999 -9999 -9999 -9999 -9999 -9999 -9999 -9999 -9999 -9999 -9999 -9999 -9999 -9999 -9999 -9999 -9999 -9999 -9999 -9999 -9999 -9999 -9999 -9999 -9999 -9999 -9999 -9999 -9999 -9999 -9999 -9999 -9999 -9999 -9999 184 185 184 140 119 112 110 209 213 226 228 229 225 221 196 185 207 182 55 54 95 124 45 52 40 61 91 225 246 234 154 174 210
-9999 -9999 -9999 -9999 -9999 -9999 -9999 -9999 -9999 -9999 -9999 -9999 -9999 -9999 -9999 -9999 -9999 -9999 -9999 -9999 -9999 -9999 -9999 -9999 -9999 -9999 -9999 -9999 -9999 -9999 -9999 -9999 -9999 -9999 -9999 -9999 -9999 -9999 -9999 -9999 -9999 -9999 -9999 -9999 -9999 -9999 -9999 -9999 -9999 -9999 -9999 -9999 -9999 184 184 142 142 127 93 210 214 199 222 227 218 227 227 235 209 188 65 66 104 52 23 39 5 36 90 52 70 50 116 170 216
-9999 -9999 -9999 -9999 -9999 -9999 -9999 -9999 -9999 -9999 -9999 -9999 -9999 -9999 -9999 -9999 -9999 -9999 -9999 -9999 -9999 -9999 -9999 -9999 -9999 -9999 -9999 -9999 -9999 -9999 -9999 -9999 -9999 -9999 -9999 -9999 -9999 -9999 -9999 -9999 -9999 -9999 -9999 -9999 -9999 -9999 -9999 -9999 -9999 -9999 -9999 -9999 -9999 -9999 191 227 216 167 211 224 235 180 208 228 209 211 230 215 223 188 100 54 116 114 31 11 1 5 16 47 6 3 23 116 209
-9999 -9999 -9999 -9999 -9999 -9999 -9999 -9999 -9999 -9999 -9999 -9999 -9999 -9999 -9999 -9999 -9999 -9999 -9999 -9999 -9999 -9999 -9999 -9999 -9999 -9999 -9999 -9999 -9999 -9999 -9999 -9999 -9999 -9999 -9999 -9999 -9999 -9999 -9999 -9999 -9999 -9999 -9999 -9999 -9999 -9999 -9999 -9999 -9999 -9999 -9999 -9999 -9999 -9999 -9999 195 216 201 198 228 228 235 212 235 227 226 213 207 216 144 87 130 139 116 141 10 21 5 1 28 27 37 2 90 141
-9999 -9999 -9999 -9999 -9999 -9999 -9999 -9999 -9999 -9999 -9999 -9999 -9999 -9999 -9999 -9999 -9999 -9999 -9999 -9999 -9999 -9999 -9999 -9999 -9999 -9999 -9999 -9999 -9999 -9999 -9999 -9999 -9999 -9999 -9999 -9999 -9999 -9999 -9999 -9999 -9999 -9999 -9999 -9999 -9999 -9999 -9999 -9999 -9999 -9999 -9999 -9999 -9999 -9999 -9999 -9999 215 190 179 206 226 232 231 210 227 228 221 209 221 222 88 117 64 48 153 33 6 14 1 11 15 19 4 6 6
-9999 -9999 -9999 -9999 -9999 -9999 -9999 -9999 -9999 -9999 -9999 -9999 -9999 -9999 -9999 -9999 -9999 -9999 -9999 -9999 -9999 -9999 -9999 -9999 -9999 -9999 -9999 -9999 -9999 -9999 -9999 -9999 -9999 -9999 -9999 -9999 -9999 -9999 -9999 -9999 -9999 -9999 -9999 -9999 -9999 -9999 -9999 -9999 -9999 -9999 -9999 -9999 -9999 -9999 -9999 -9999 -9999 173 158 197 228 230 190 187 217 190 225 219 223 214 68 108 72 64 148 57 9 11 0 1 2 8 5 22 23
-9999 -9999 -9999 -9999 -9999 -9999 -9999 -9999 -9999 -9999 -9999 -9999 -9999 -9999 -9999 -9999 -9999 -9999 -9999 -9999 -9999 -9999 -9999 -9999 -9999 -9999 -9999 -9999 -9999 -9999 -9999 -9999 -9999 -9999 -9999 -9999 -9999 -9999 -9999 -9999 -9999 -9999 -9999 -9999 -9999 -9999 -9999 -9999 -9999 -9999 -9999 -9999 -9999 -9999 -9999 -9999 -9999 -9999 95 184 213 220 190 89 88 152 230 219 225 195 68 67 125 132 137 51 8 35 35 36 42 22 11 14 1
-9999 -9999 -9999 -9999 -9999 -9999 -9999 -9999 -9999 -9999 -9999 -9999 -9999 -9999 -9999 -9999 -9999 -9999 -9999 -9999 -9999 -9999 -9999 -9999 -9999 -9999 -9999 -9999 -9999 -9999 -9999 -9999 -9999 -9999 -9999 -9999 -9999 -9999 -9999 -9999 -9999 -9999 -9999 -9999 -9999 -9999 -9999 -9999 -9999 -9999 -9999 -9999 -9999 -9999 -9999 -9999 -9999 -9999 -9999 169 173 223 154 112 113 149 221 212 196 158 146 57 74 140 123 38 33 60 95 76 58 35 32 3 14
-9999 -9999 -9999 -9999 -9999 -9999 -9999 -9999 -9999 -9999 -9999 -9999 -9999 -9999 -9999 -9999 -9999 -9999 -9999 -9999 -9999 -9999 -9999 -9999 -9999 -9999 -9999 -9999 -9999 -9999 -9999 -9999 -9999 -9999 -9999 -9999 -9999 -9999 -9999 -9999 -9999 -9999 -9999 -9999 -9999 -9999 -9999 -9999 -9999 -9999 -9999 -9999 -9999 -9999 -9999 -9999 -9999 -9999 -9999 -9999 204 159 88 133 83 140 97 206 206 107 66 73 86 81 98 108 93 114 98 54 99 105 79 26 6
-9999 -9999 -9999 -9999 -9999 -9999 -9999 -9999 -9999 -9999 -9999 -9999 -9999 -9999 -9999 -9999 -9999 -9999 -9999 -9999 -9999 -9999 -9999 -9999 -9999 -9999 -9999 -9999 -9999 -9999 -9999 -9999 -9999 -9999 -9999 -9999 -9999 -9999 -9999 -9999 -9999 -9999 -9999 -9999 -9999 -9999 -9999 -9999 -9999 -9999 -9999 -9999 -9999 -9999 -9999 -9999 -9999 -9999 -9999 -9999 -9999 148 123 113 81 83 115 98 241 225 105 78 127 70 68 112 108 55 52 54 84 142 104 68 29
