2/sve_2_TWI_16m.asc
NCOLS         139
NROWS         162
XLLCORNER     572256.0
YLLCORNER     7071344.0
CELLSIZE      16.0
NODATA_VALUE  -9999
[rows 62 to 92 of 162, columns 0 to 68 of 139]
-9999 -9999 -9999 -9999 -9999 -9999 6.4979177 6.139174 6.6359677 6.8953094 10.103291 6.399463 6.9943266 10.705555 7.326845 7.1273885 10.367691 7.622176 7.1312284 6.133206 7.144374 6.835641 7.5272303 7.1442204 6.494208 6.741482 7.3765078 7.2226276 7.202004 6.704145 6.79696 7.759081 7.174331 11.439948 6.9834256 7.3549705 7.2967687 11.178305 7.5645275 6.643954 9.787844 6.6687274 6.8831897 6.515594 6.359 5.9423056 5.9456673 6.149011 6.248612 11.567914 6.236977 6.119143 6.5552936 7.0853877 7.593548 7.516195 7.466713 9.26875 6.3740067 7.1741896 7.512966 7.4707522 7.4568644 7.824189 7.1797414 7.688963 13.210945 6.820167 5.8392496
-9999 -9999 -9999 -9999 -9999 -9999 -9999 6.2144847 6.00717 6.4702306 6.2420177 10.402119 6.810564 7.1253047 10.888761 7.2957916 10.652633 6.911253 6.5700617 6.457979 6.331678 6.5198207 6.60797 7.930623 7.0455813 6.5431952 6.4057255 6.4130645 6.234143 6.674772 7.122768 8.280604 7.2617974 6.9274554 11.582251 7.288114 7.05672 10.359595 6.7428007 6.3517337 6.3468475 10.776451 6.328769 6.4289217 6.6895547 6.7967396 6.3447227 6.280913 7.3572626 6.1454954 11.203321 6.712591 6.2656713 6.7071924 6.9083505 7.347182 7.7819924 7.8196206 9.206102 6.6362233 6.5881634 6.8044014 6.705259 7.1283 7.560723 5.618419 6.860027 13.703509 6.3003206
-9999 -9999 -9999 -9999 -9999 -9999 -9999 -9999 5.955876 6.269654 6.746279 6.724767 10.725775 6.9550176 10.926384 7.254867 6.7668576 10.179163 6.7067685 6.5711756 6.3556347 6.623422 6.420182 6.374073 8.194456 7.153736 6.406189 6.223059 6.6844006 6.3500214 7.021784 7.1290007 9.310523 6.9305797 11.466488 6.9926076 6.885872 10.228181 6.525969 6.1992183 10.158168 6.69416 10.588959 10.441475 10.518205 6.0978403 10.478868 10.444052 10.687895 6.0415435 6.5163493 11.115447 7.3958955 7.2590804 6.5023994 7.1481147 7.1038027 7.2013903 8.031417 9.25578 7.489891 7.0695634 6.421584 6.858948 7.3034105 6.9177427 5.444913 6.7790623 13.196561
-9999 -9999 -9999 -9999 -9999 -9999 -9999 -9999 -9999 6.1491857 6.613438 6.9014635 10.405307 6.7312236 7.0660224 10.550465 6.574837 10.304669 6.9410152 6.6755996 7.02098 6.4577336 6.780842 6.6144013 6.6268907 8.861054 8.77357 7.5976505 7.5826116 7.366755 6.402255 7.4122477 9.04059 6.5558515 6.651753 11.48299 6.85186 10.202392 6.377494 9.927748 6.6871815 6.617986 6.184837 6.6063128 6.2814236 10.603037 6.1641526 5.9922266 6.3034616 10.527925 9.533286 8.801745 11.140222 7.3746305 6.036974 5.9677877 7.2328124 8.024031 6.973856 8.078579 9.031852 7.782612 7.1996083 6.204483 6.546307 7.41554 6.8847084 6.956874 13.485616
-9999 -9999 -9999 -9999 -9999 -9999 -9999 -9999 -9999 6.667362 6.336749 6.319575 6.314447 10.796825 6.8081203 10.240074 6.4740176 6.2462144 10.090458 7.0968513 6.461288 6.7885475 6.864294 6.949977 7.372785 7.9967713 8.336458 9.0371895 6.8080373 7.2913136 7.581904 5.9903293 5.7964764 9.234257 6.556178 11.418743 6.800533 6.6384068 9.95885 6.4421325 6.43787 6.2874293 6.2024417 6.7658243 6.979688 6.457908 6.6361794 6.198409 6.3543077 6.857148 9.764802 9.681119 10.021276 10.957197 7.221734 5.8622026 6.488083 7.022602 8.136648 7.0734763 7.902505 8.770758 8.4872265 7.138699 6.597828 6.2298737 7.3377132 6.3952084 6.258639
-9999 -9999 -9999 -9999 -9999 -9999 -9999 -9999 -9999 -9999 6.5920653 6.5229735 6.718645 10.555671 6.379374 6.236694 10.131947 6.383853 10.269235 6.419806 6.7138596 6.8981137 7.309617 6.692905 6.740178 6.697723 7.8411055 7.8379908 8.643883 6.5371914 6.334177 6.4863725 6.438694 7.633824 9.566251 11.56064 6.506791 6.455941 6.8822346 6.3763833 6.133184 7.342377 6.6097827 6.7601275 6.6082897 6.3953433 7.3130064 7.0948787 5.878112 6.2438946 7.0374165 9.22494 9.886582 9.949809 10.880675 6.1589713 7.2655888 6.053407 7.473419 8.034077 6.8473606 7.9182816 9.112033 8.654645 6.288061 6.6962757 6.0826616 6.2896476 6.0400343
-9999 -9999 -9999 -9999 -9999 -9999 -9999 -9999 -9999 -9999 -9999 6.4154873 6.6050725 6.0786242 10.504157 6.1652985 6.371815 10.435259 6.387123 10.305521 7.0986505 7.2137303 6.444855 6.7851315 6.4585767 6.569202 6.9112635 7.546888 8.297738 8.607889 6.5724735 6.878588 7.10713 6.3894477 8.297865 6.353214 11.143844 6.227289 7.6579494 6.157368 6.6759996 6.407831 7.7431016 7.3217006 6.1054816 6.4348135 7.0508795 7.6195583 6.953575 6.088739 6.3649116 6.836086 8.648655 9.87992 11.055818 9.191703 6.6243176 6.6851506 6.3112206 8.077508 7.9808884 6.583219 7.8331494 9.552853 7.728076 6.635531 7.039915 6.4776406 6.021992
-9999 -9999 -9999 -9999 -9999 -9999 -9999 -9999 -9999 -9999 -9999 -9999 6.371455 6.451526 6.3345556 10.678185 6.50269 10.648449 6.8224754 6.5679536 10.533246 6.5358934 6.328149 6.72155 6.8889513 6.6428356 6.2951846 7.113921 7.703198 9.301088 8.164453 6.4102798 7.010735 7.20297 8.786788 6.0618844 10.995127 6.1925964 6.3146634 7.984521 8.279521 6.7153916 6.542212 8.026847 7.248712 6.279224 6.4471498 7.0644403 7.5386176 7.4194345 6.4626627 6.334381 7.031136 8.345067 9.695929 11.241155 6.9206767 6.800639 6.802998 5.9714217 7.7563033 7.713863 6.3832173 8.914847 9.322356 7.8562465 7.3831935 6.7150126 6.7252345
-9999 -9999 -9999 -9999 -9999 -9999 -9999 -9999 -9999 -9999 -9999 -9999 -9999 6.2156215 6.5595117 10.580177 6.545456 6.8045774 10.889069 6.8840785 6.4940305 10.46934 6.5302997 6.863545 6.8281975 7.0793805 6.2032266 5.9800653 6.7156787 7.497338 9.267648 7.9290223 6.1455803 7.1123633 6.8340383 8.811619 6.045976 11.305527 6.2857504 6.088229 5.9795213 8.780797 6.218737 7.3389454 8.073329 7.4979696 6.491905 6.671457 7.137018 7.608955 7.6810656 6.700505 6.569428 7.259534 8.365732 9.724124 11.330663 7.3313403 6.9231157 6.1116247 6.226598 8.037676 7.708955 6.6492634 9.255254 9.261481 8.276025 6.7370114 6.833967
-9999 -9999 -9999 -9999 -9999 -9999 -9999 -9999 -9999 -9999 -9999 -9999 -9999 -9999 6.220891 6.213409 10.847803 6.747786 10.8782215 6.7222743 6.4883323 6.198486 10.441348 6.8827467 7.118695 6.0771255 6.74561 6.434787 6.764338 6.8377166 7.4531517 9.05974 7.792658 6.2015686 6.18116 6.5177975 9.27169 9.86879 11.48318 11.184046 5.9179707 5.9485 8.750946 6.560721 7.208947 7.959634 7.678559 6.541018 6.8973002 7.3064175 7.9366255 7.9671693 6.767053 6.177725 6.3441944 7.9655404 9.730005 11.488558 7.5129094 6.5734944 6.034827 6.6264267 8.770014 7.1749306 6.7706 9.5023365 8.970913 9.062757 6.017472
-9999 -9999 -9999 -9999 -9999 -9999 -9999 -9999 -9999 -9999 -9999 -9999 -9999 -9999 6.7093506 6.462196 6.4389143 11.165444 10.022819 10.973382 7.2162704 6.1639338 6.0168095 10.52447 6.5604057 6.5013933 6.438906 7.1393924 6.6266394 6.1601577 6.963353 7.126324 9.2596035 7.8175306 6.6889057 6.586834 6.9055667 6.7621403 6.302905 6.3235073 11.046202 5.861922 9.010963 6.540909 5.84006 7.501273 8.378458 7.526359 6.8608236 7.2876015 7.615341 8.259072 8.516921 7.35546 7.147439 7.088052 7.705324 9.627679 11.435533 7.4132986 6.5329103 5.9970303 6.7944984 8.947115 6.6996694 6.747292 9.456994 8.451723 8.92575
-9999 -9999 -9999 -9999 -9999 -9999 -9999 -9999 -9999 -9999 -9999 -9999 -9999 -9999 -9999 6.49731 6.523227 6.7162585 10.965277 6.3445554 10.646945 10.674856 6.161189 6.0959005 10.542536 6.40981 6.6692843 7.0133467 6.6561084 6.2356195 7.0588355 6.4365234 7.0333796 9.433125 7.7754073 6.808885 6.2877927 6.122566 6.106889 5.78013 6.3918047 11.306843 6.264976 9.202876 5.8869615 6.5153694 7.7315626 8.4164295 7.490035 7.033728 7.219155 7.691736 8.481884 9.054629 8.152868 7.9706974 8.152465 8.11255 9.604705 11.347892 7.2375493 5.992415 7.040199 8.512041 8.870347 6.3406267 6.532686 9.315907 9.002807
-9999 -9999 -9999 -9999 -9999 -9999 -9999 -9999 -9999 -9999 -9999 -9999 -9999 -9999 -9999 -9999 6.406262 6.5580955 6.794395 10.6677 6.1113677 6.2968984 10.749167 6.1496596 6.1424522 10.617436 6.695515 7.121499 6.496138 6.264654 7.3830576 5.7421346 6.682701 7.2257323 9.439248 7.7895207 7.043699 7.8711634 6.68624 6.167897 6.2715917 6.497571 11.359298 9.081027 6.5633783 6.3299212 6.7336345 7.271454 8.611374 7.796119 7.1487494 7.030843 6.4975486 7.721926 8.917848 8.287637 8.241792 8.368253 8.2075405 10.071054 11.332086 7.2498527 7.420473 6.136033 8.544354 8.699399 6.2613893 6.43558 9.300291
-9999 -9999 -9999 -9999 -9999 -9999 -9999 -9999 -9999 -9999 -9999 -9999 -9999 -9999 -9999 -9999 -9999 6.530226 6.785485 10.743228 6.1167464 6.1935544 6.3951097 10.754412 6.188077 6.035019 10.665369 6.5829053 6.866957 6.3327947 7.431034 6.090513 6.9739575 6.1988235 8.273679 9.371358 7.4960546 6.8219423 8.231233 7.824401 7.514575 7.631264 6.6568084 11.339702 6.1232367 5.8690305 6.444141 6.8615904 7.500496 9.084913 7.7843637 7.1506076 7.212391 6.1454926 7.359199 8.74358 7.7219105 7.7804437 8.419939 8.793405 10.839082 11.139347 7.7096777 6.2394133 7.1816883 7.9761834 8.505052 6.347507 7.7833843
-9999 -9999 -9999 -9999 -9999 -9999 -9999 -9999 -9999 -9999 -9999 -9999 -9999 -9999 -9999 -9999 -9999 -9999 -9999 6.532133 10.805022 6.2234573 6.1853437 6.33045 10.707333 5.9613595 6.1078987 10.623381 6.36325 6.273839 7.2016106 6.629801 7.0785403 6.390006 7.834777 8.37441 9.288439 7.2609944 6.9384575 7.661114 7.334358 7.492539 7.34902 7.136159 11.316728 6.295307 6.5134125 7.0233073 7.2315526 7.988939 9.023323 8.102699 8.270689 6.8747625 6.6331596 7.5299163 8.909983 7.9833593 8.118072 7.715522 8.737681 11.2109375 10.451998 6.5171766 6.861286 7.0067024 8.302707 8.351213 6.730168
-9999 -9999 -9999 -9999 -9999 -9999 -9999 -9999 -9999 -9999 -9999 -9999 -9999 -9999 -9999 -9999 -9999 -9999 -9999 -9999 6.3650303 10.678132 5.9847093 6.574953 6.00015 10.535558 5.903367 6.139002 10.642791 5.8144326 6.8298173 7.0761104 7.41695 6.3103833 7.7721143 7.4082603 9.368029 7.4790473 6.9387116 7.2564106 7.3136616 6.5670066 6.328638 5.8673644 7.234635 11.106455 9.736383 9.1636095 7.710272 7.416803 8.093221 8.965516 8.482102 8.731664 8.196435 7.970312 8.043109 8.83686 8.2387295 7.8805866 7.8771253 9.319902 11.627521 9.749752 7.1026325 6.5014234 7.8702197 8.8941 8.624509
-9999 -9999 -9999 -9999 -9999 -9999 -9999 -9999 -9999 -9999 -9999 -9999 -9999 -9999 -9999 -9999 -9999 -9999 -9999 -9999 -9999 6.1524467 10.44743 6.3036423 6.8655195 6.491983 10.677633 5.996053 5.872589 10.702537 6.747033 6.9568505 7.9476438 6.8397264 8.109982 7.068218 7.92708 9.030629 6.4517317 6.9368668 7.5503635 6.7386003 6.3780365 6.5078764 6.9030604 8.06156 11.161825 9.824218 9.084133 8.190737 8.197662 8.789369 9.286305 8.194697 8.5129795 8.427254 8.712197 8.987094 9.112594 8.922719 8.548681 8.295454 9.43745 11.965262 9.778902 6.8428397 5.9606514 7.791334 9.2955
-9999 -9999 -9999 -9999 -9999 -9999 -9999 -9999 -9999 -9999 -9999 -9999 -9999 -9999 -9999 -9999 -9999 -9999 -9999 -9999 -9999 -9999 6.0612264 10.550983 6.0412755 7.0617824 6.8317084 10.899137 6.092096 6.0194583 10.988081 6.653748 7.20499 8.332148 8.047393 8.283584 7.6948075 8.711334 5.860686 6.9479623 7.424942 7.018229 7.200219 6.493766 6.8089848 7.089807 8.199621 11.05461 9.730973 9.380908 9.204075 9.174148 9.469451 9.196278 6.9404354 7.6740365 7.848397 8.203571 8.613115 8.9311695 9.065052 9.021063 8.534507 8.977689 12.0419655 9.905577 6.5101533 6.04309 7.7953215
-9999 -9999 -9999 -9999 -9999 -9999 -9999 -9999 -9999 -9999 -9999 -9999 -9999 -9999 -9999 -9999 -9999 -9999 -9999 -9999 -9999 -9999 -9999 6.240759 10.749803 6.1246605 6.2003098 6.3776083 11.047839 6.1502075 6.021515 11.05312 6.383184 8.367244 5.8803434 8.330351 8.271543 8.971957 5.9770465 5.3632655 8.078173 7.11469 7.8610086 7.6316376 6.9066534 6.7710247 7.0470996 8.23264 11.001092 9.316643 8.839165 8.830987 7.8830743 9.268242 9.173565 8.086566 7.8572183 8.094005 7.5179443 8.019893 8.730366 9.13982 8.998907 8.276339 8.394565 12.099931 11.17266 6.296637 5.987588
-9999 -9999 -9999 -9999 -9999 -9999 -9999 -9999 -9999 -9999 -9999 -9999 -9999 -9999 -9999 -9999 -9999 -9999 -9999 -9999 -9999 -9999 -9999 -9999 6.391871 10.889007 6.251616 6.268008 6.3642197 10.91124 6.0340343 6.032457 11.042304 8.07127 6.1849813 7.9623175 7.3719287 9.471744 7.9621677 6.3859363 7.1892085 9.4070015 7.111623 7.7479234 6.358457 7.040844 6.8241606 7.1911244 9.709888 10.851847 9.113712 8.974645 8.623148 7.2763667 9.026967 9.139629 8.400644 7.9583874 8.194338 7.2786536 7.851774 8.824025 9.371998 9.0630045 8.15161 6.2364635 11.626956 11.072472 6.252094
-9999 -9999 -9999 -9999 -9999 -9999 -9999 -9999 -9999 -9999 -9999 -9999 -9999 -9999 -9999 -9999 -9999 -9999 -9999 -9999 -9999 -9999 -9999 -9999 -9999 6.843256 11.033746 6.2420387 6.163257 6.1873026 10.8584585 6.0773306 11.218892 7.564755 7.9168653 5.7393236 8.216878 9.664053 8.825958 10.589594 10.8114 6.659011 6.394202 7.485793 7.1202936 6.69253 7.0997305 5.9704394 7.046116 10.669756 10.652822 10.161275 10.04576 9.141899 8.266317 8.937032 9.033684 8.502483 8.345931 8.577268 7.967284 8.142876 9.193492 9.908065 9.099276 7.088481 6.6363006 11.515271 11.045628
-9999 -9999 -9999 -9999 -9999 -9999 -9999 -9999 -9999 -9999 -9999 -9999 -9999 -9999 -9999 -9999 -9999 -9999 -9999 -9999 -9999 -9999 -9999 -9999 -9999 -9999 -9999 11.267763 6.1156306 6.697764 6.085242 10.918804 6.085093 11.222998 6.9306917 7.8373275 8.069101 10.20509 9.884313 6.1125 6.5932894 6.2835383 7.502476 7.573608 6.528829 7.2920327 7.3944 7.4897523 7.6181545 8.390818 10.941812 10.435311 9.391764 9.793592 9.572195 9.0773115 9.125936 9.204613 8.862013 8.632885 8.449005 8.30497 8.753925 9.462689 10.126204 8.140909 6.774024 6.845563 11.732732
-9999 -9999 -9999 -9999 -9999 -9999 -9999 -9999 -9999 -9999 -9999 -9999 -9999 -9999 -9999 -9999 -9999 -9999 -9999 -9999 -9999 -9999 -9999 -9999 -9999 -9999 -9999 -9999 11.502329 10.916192 10.908755 6.118231 10.955625 6.045899 11.200731 11.341597 6.0765023 6.483159 10.612465 5.540248 5.747978 6.628025 8.118787 7.97426 6.6359677 6.4722743 7.290138 7.573333 7.4890957 7.7295218 8.876728 10.981847 10.112342 8.554125 9.336675 9.587191 9.191263 9.166813 9.480015 9.06069 8.792943 8.682658 8.639662 8.984983 9.695336 10.061124 7.785848 6.794645 6.077274
-9999 -9999 -9999 -9999 -9999 -9999 -9999 -9999 -9999 -9999 -9999 -9999 -9999 -9999 -9999 -9999 -9999 -9999 -9999 -9999 -9999 -9999 -9999 -9999 -9999 -9999 -9999 -9999 -9999 -9999 6.4117393 10.971272 6.1405654 10.889543 5.9327593 6.013089 11.452822 9.258561 11.062913 6.618911 6.902876 6.273341 8.14167 7.992793 6.293337 6.664108 6.4742723 7.377759 7.1406946 7.1498766 7.135772 8.792071 10.774708 10.250846 9.440163 9.559236 9.739241 9.627889 9.728887 9.69199 9.260244 9.113173 8.666386 8.570918 8.950131 9.943887 10.160629 8.729196 6.844918
-9999 -9999 -9999 -9999 -9999 -9999 -9999 -9999 -9999 -9999 -9999 -9999 -9999 -9999 -9999 -9999 -9999 -9999 -9999 -9999 -9999 -9999 -9999 -9999 -9999 -9999 -9999 -9999 -9999 -9999 -9999 11.288419 6.138315 6.026572 10.860358 6.0911775 6.8524055 11.597057 10.64902 10.503679 7.43256 5.9541306 7.4565096 8.058208 7.074025 6.112897 6.6713696 6.696062 7.5925303 6.9330735 7.1227994 7.454666 8.765535 10.491761 10.236845 9.94059 9.960488 10.171673 10.309961 10.566298 9.870369 9.57504 9.305296 8.759671 9.00667 9.324035 10.032679 10.250155 9.80802
-9999 -9999 -9999 -9999 -9999 -9999 -9999 -9999 -9999 -9999 -9999 -9999 -9999 -9999 -9999 -9999 -9999 -9999 -9999 -9999 -9999 -9999 -9999 -9999 -9999 -9999 -9999 -9999 -9999 -9999 -9999 -9999 11.677728 6.249874 6.145795 11.079441 6.272273 9.021944 11.623498 11.195004 7.716131 7.19973 6.790158 6.6617703 8.10892 6.9077015 6.679511 7.040223 7.5894275 7.651375 7.139926 7.3365183 7.260577 8.538807 10.16371 9.946234 9.861728 9.788833 9.963639 10.198448 10.617417 9.287819 9.4730215 9.257081 8.753622 9.33101 9.799449 10.297887 10.635846
-9999 -9999 -9999 -9999 -9999 -9999 -9999 -9999 -9999 -9999 -9999 -9999 -9999 -9999 -9999 -9999 -9999 -9999 -9999 -9999 -9999 -9999 -9999 -9999 -9999 -9999 -9999 -9999 -9999 -9999 -9999 -9999 -9999 -9999 6.4737406 6.3488507 11.139935 7.1843677 10.687286 11.795229 10.218591 7.6598754 6.853408 6.8863773 7.481453 7.7311454 7.773481 6.793999 7.0833635 7.825668 8.140819 7.410858 7.5695314 7.5929713 8.543147 9.603124 9.60308 9.379051 9.651 9.94236 10.216623 10.840151 9.818564 9.601442 9.811112 9.638526 9.808031 10.108759 10.467974
-9999 -9999 -9999 -9999 -9999 -9999 -9999 -9999 -9999 -9999 -9999 -9999 -9999 -9999 -9999 -9999 -9999 -9999 -9999 -9999 -9999 -9999 -9999 -9999 -9999 -9999 -9999 -9999 -9999 -9999 -9999 -9999 -9999 -9999 -9999 6.9558725 6.1403594 11.055071 9.346407 11.646519 11.352663 7.7419195 7.714606 7.6068954 7.8276772 7.901361 8.1740465 7.9123874 6.5865726 6.6407733 7.558244 8.42253 7.8146877 7.6738167 7.946233 8.596472 9.280377 9.552015 9.773999 10.1421795 9.834651 9.522514 10.784465 10.413782 10.026455 10.284338 10.302394 10.176321 9.549446
-9999 -9999 -9999 -9999 -9999 -9999 -9999 -9999 -9999 -9999 -9999 -9999 -9999 -9999 -9999 -9999 -9999 -9999 -9999 -9999 -9999 -9999 -9999 -9999 -9999 -9999 -9999 -9999 -9999 -9999 -9999 -9999 -9999 -9999 -9999 -9999 -9999 6.308298 11.965874 9.982898 11.354863 7.062667 6.614505 8.741736 8.024622 7.4077096 7.7683845 8.110087 7.810171 6.421865 6.9986787 7.7430296 8.132795 7.472407 7.3086667 7.6563654 8.534503 9.325717 9.257801 9.643224 10.384104 9.539874 8.140914 10.359676 10.427317 10.25103 10.392071 10.41621 10.275981
-9999 -9999 -9999 -9999 -9999 -9999 -9999 -9999 -9999 -9999 -9999 -9999 -9999 -9999 -9999 -9999 -9999 -9999 -9999 -9999 -9999 -9999 -9999 -9999 -9999 -9999 -9999 -9999 -9999 -9999 -9999 -9999 -9999 -9999 -9999 -9999 -9999 -9999 6.8559694 12.636235 6.521197 6.700164 7.1803036 8.834845 7.421209 7.1399193 7.245141 7.298228 8.60262 7.6019425 6.9963837 7.102753 7.7124233 8.082326 7.4274144 7.071933 7.7226877 8.909775 9.456005 8.936017 9.966779 10.568377 8.520776 8.199571 9.515227 9.614018 10.098803 10.567191 10.2716055
-9999 -9999 -9999 -9999 -9999 -9999 -9999 -9999 -9999 -9999 -9999 -9999 -9999 -9999 -9999 -9999 -9999 -9999 -9999 -9999 -9999 -9999 -9999 -9999 -9999 -9999 -9999 -9999 -9999 -9999 -9999 -9999 -9999 -9999 -9999 -9999 -9999 -9999 -9999 -9999 13.019902 6.468718 7.1282377 8.845653 8.107562 7.2841673 7.2546563 6.4922376 7.5736675 8.701546 7.720694 7.1145306 7.2025843 7.7721443 7.8534317 7.90619 8.285452 8.851942 9.262184 9.869026 10.298036 10.7962475 10.192414 7.986985 8.197122 9.092157 9.346681 9.910314 10.896191
