2/sve_2_TWI_16m.asc
NCOLS         139
NROWS         162
XLLCORNER     572256.0
YLLCORNER     7071344.0
CELLSIZE      16.0
NODATA_VALUE  -9999
[rows 31 to 61 of 162, columns 0 to 68 of 139]
-9999 -9999 -9999 -9999 -9999 -9999 -9999 -9999 -9999 -9999 -9999 -9999 -9999 8.123427 7.90126 8.198009 8.221322 8.292782 7.030329 7.654012 6.7514544 6.8719172 8.524914 7.5408735 7.366515 7.9875603 7.2149296 12.453496 12.400199 7.004956 6.9859324 7.9353075 8.279215 7.6692567 10.015814 7.2027183 7.1874595 13.474475 7.3891315 7.788656 -9999 -9999 -9999 -9999 -9999 -9999 -9999 -9999 -9999 -9999 -9999 -9999 -9999 -9999 -9999 -9999 -9999 -9999 -9999 -9999 -9999 -9999 -9999 -9999 -9999 -9999 -9999 -9999 -9999
-9999 -9999 -9999 -9999 -9999 -9999 -9999 -9999 -9999 -9999 -9999 -9999 -9999 7.976786 8.077638 8.18258 8.215762 7.0451455 7.341858 7.8152895 10.189982 6.918699 7.073056 8.50302 7.366507 7.321204 10.131214 7.116626 7.123423 7.488694 7.698267 7.6780467 8.487946 8.794928 7.283422 10.298115 7.0430093 7.151513 13.245756 7.3241553 7.529666 -9999 -9999 -9999 -9999 -9999 -9999 -9999 -9999 -9999 -9999 -9999 -9999 -9999 -9999 -9999 -9999 -9999 -9999 -9999 -9999 -9999 -9999 -9999 -9999 -9999 -9999 -9999 -9999
-9999 -9999 -9999 -9999 -9999 -9999 -9999 -9999 -9999 -9999 -9999 -9999 -9999 7.8207107 8.041625 8.519688 8.764261 8.731487 6.762188 9.859651 6.986893 10.3468485 6.953407 7.040159 9.150313 9.5850525 7.0406766 7.9221864 7.31753 7.658914 8.147777 8.660246 8.548932 7.2025695 8.485925 8.373379 10.6472435 7.0070934 7.185736 12.9882 7.1283 7.3146253 -9999 -9999 -9999 -9999 -9999 -9999 -9999 -9999 -9999 -9999 -9999 -9999 -9999 -9999 -9999 -9999 -9999 -9999 -9999 -9999 -9999 -9999 -9999 -9999 -9999 -9999 -9999
-9999 -9999 -9999 -9999 -9999 -9999 -9999 -9999 -9999 -9999 -9999 -9999 -9999 7.886099 8.53413 8.772427 9.06222 9.251244 9.65863 7.038012 7.804772 7.060901 10.482746 6.9195952 6.8811903 6.986392 6.924428 7.449202 6.5680785 7.034356 7.3053827 8.87392 9.403697 9.412445 8.472525 7.9113445 6.826463 10.74364 7.303202 7.2342424 13.000964 7.0668316 7.2671814 -9999 -9999 -9999 -9999 -9999 -9999 -9999 -9999 -9999 -9999 -9999 -9999 -9999 -9999 -9999 -9999 -9999 -9999 -9999 -9999 -9999 -9999 -9999 -9999 -9999 -9999
-9999 -9999 -9999 -9999 -9999 -9999 -9999 -9999 -9999 -9999 -9999 -9999 7.730587 8.215243 8.647684 8.738852 9.006954 8.841736 9.165707 7.292098 7.2439637 7.9513803 7.353699 10.717117 10.433464 6.859522 7.1071057 6.8533854 6.571383 6.416445 7.6693935 6.6173267 7.284411 7.380988 8.345711 6.559764 6.865574 6.8851085 10.911286 7.7374887 7.3061 13.003292 7.034478 7.320552 -9999 -9999 -9999 -9999 -9999 -9999 -9999 -9999 -9999 -9999 -9999 -9999 -9999 -9999 -9999 -9999 -9999 -9999 -9999 -9999 -9999 -9999 -9999 -9999 -9999
-9999 -9999 -9999 -9999 -9999 -9999 -9999 -9999 -9999 -9999 -9999 -9999 7.9862485 8.622296 8.561757 8.782783 8.5958805 8.425935 8.692727 10.717903 7.3986745 7.348017 8.886853 8.30578 7.441246 10.632263 7.882923 9.169614 6.794186 7.490831 6.2461433 5.8584495 6.9819827 7.7985897 8.467195 7.033796 6.4547424 6.132181 6.949472 11.472732 7.467092 7.193141 13.077577 7.207404 7.295999 -9999 -9999 -9999 -9999 -9999 -9999 -9999 -9999 -9999 -9999 -9999 -9999 -9999 -9999 -9999 -9999 -9999 -9999 -9999 -9999 -9999 -9999 -9999 -9999
-9999 -9999 -9999 -9999 -9999 -9999 -9999 -9999 -9999 -9999 -9999 7.9476213 8.337448 8.483096 8.693281 8.678067 8.771333 8.626235 8.8498535 7.035218 11.595688 7.4626064 7.6688647 8.84697 7.810932 7.2635736 11.113394 11.479377 7.6966286 7.7285724 7.6358814 6.353724 7.0004754 7.563432 8.341056 8.01441 6.5792403 6.6128078 8.9369755 8.135271 11.693067 7.2579904 7.4210925 13.274166 7.1327677 7.197151 -9999 -9999 -9999 -9999 -9999 -9999 -9999 -9999 -9999 -9999 -9999 -9999 -9999 -9999 -9999 -9999 -9999 -9999 -9999 -9999 -9999 -9999 -9999
-9999 -9999 -9999 -9999 -9999 -9999 -9999 -9999 -9999 -9999 7.639614 7.8055844 8.134082 8.182861 8.315711 8.546804 8.783293 8.818994 9.522899 10.325802 6.9541287 11.618726 11.77708 7.494306 9.654963 7.647092 7.3152833 7.713194 12.984958 7.957597 7.918226 7.515915 6.2684464 6.773997 6.5550756 8.376332 9.82258 10.126783 8.092687 7.6146755 6.7546167 11.507874 7.4834733 7.4691906 13.569276 7.4501367 7.1741233 -9999 -9999 -9999 -9999 -9999 -9999 -9999 -9999 -9999 -9999 -9999 -9999 -9999 -9999 -9999 -9999 -9999 -9999 -9999 -9999 -9999 -9999
-9999 -9999 -9999 -9999 -9999 -9999 -9999 -9999 -9999 7.487616 7.691401 8.122999 8.092313 8.394933 8.381838 8.166166 8.5100975 9.512266 9.454898 6.57649 9.295842 7.99543 6.956198 11.613485 7.699535 9.868422 7.7564235 7.4420815 12.085749 7.4564824 7.572028 6.9398184 6.6505375 6.226288 6.5401616 7.1249065 8.400289 7.410072 7.079172 7.1223636 6.4813766 11.29249 9.721165 7.627046 7.94307 13.675146 7.860537 8.210071 -9999 -9999 -9999 -9999 -9999 -9999 -9999 -9999 -9999 -9999 -9999 -9999 -9999 -9999 -9999 -9999 -9999 -9999 -9999 -9999 -9999
-9999 -9999 -9999 -9999 -9999 -9999 -9999 -9999 -9999 7.5987725 7.9354215 8.208557 8.318513 8.271899 8.350022 8.980852 9.405187 9.239853 7.9653106 9.28867 6.775662 6.7362375 7.831825 6.7056084 11.873551 7.681668 7.4269185 8.123685 7.1153355 11.394468 7.4410386 6.6445975 7.1195736 6.2677627 6.50305 7.020666 7.815106 8.428554 7.7233276 7.2138195 8.06125 6.7813187 11.883672 7.8521967 8.154591 7.711587 13.976384 8.38248 7.94112 -9999 -9999 -9999 -9999 -9999 -9999 -9999 -9999 -9999 -9999 -9999 -9999 -9999 -9999 -9999 -9999 -9999 -9999 -9999 -9999
-9999 -9999 -9999 -9999 -9999 -9999 -9999 -9999 7.5056024 7.8137393 8.048203 8.298011 8.5255 8.625848 8.608062 8.975654 9.211731 8.035177 8.756557 8.379865 9.517582 6.89631 6.6906257 7.5805707 6.7562747 11.961475 7.163594 6.733253 10.856515 6.845063 6.552038 6.1371827 6.816238 7.1083217 6.428267 6.1936493 7.338405 8.086521 8.263384 13.250106 13.3624525 6.989523 6.9037313 11.983972 8.063806 7.751936 7.615191 13.693413 7.5918927 7.6308804 -9999 -9999 -9999 -9999 -9999 -9999 -9999 -9999 -9999 -9999 -9999 -9999 -9999 -9999 -9999 -9999 -9999 -9999 -9999
-9999 -9999 -9999 -9999 -9999 -9999 -9999 7.2685285 7.679725 7.859674 7.956749 7.9976554 8.275518 8.619195 8.93376 8.4157505 8.213519 8.853826 8.33164 8.866518 8.161617 10.038579 6.933703 6.532069 7.664262 6.842202 11.433709 11.383353 6.6444335 10.742719 6.0573235 6.055997 7.2723393 7.6367917 7.2169886 6.801798 6.923907 13.304552 13.511405 7.0488873 6.9854755 13.376864 6.990158 7.096117 12.189939 8.011168 7.6353445 7.5284758 13.667284 7.4127336 7.0644345 6.967861 -9999 -9999 -9999 -9999 -9999 -9999 -9999 -9999 -9999 -9999 -9999 -9999 -9999 -9999 -9999 -9999 -9999
-9999 -9999 -9999 -9999 -9999 -9999 7.697014 7.221062 7.3450336 7.64792 8.011316 8.271651 8.374594 8.659521 8.843029 9.014515 8.841566 8.513129 8.898465 8.192401 8.191272 7.9022098 10.309531 6.809271 6.611208 7.6584344 6.4373484 6.444846 11.395189 6.8010454 12.948753 13.103847 13.289007 13.356147 13.086105 13.07773 13.269158 6.911499 6.9678674 7.0435047 7.094643 6.846492 13.334971 7.4378743 7.2684107 12.256717 7.911495 7.305912 7.308797 13.324481 7.8558187 7.743249 7.127547 -9999 -9999 -9999 -9999 -9999 -9999 -9999 -9999 -9999 -9999 -9999 -9999 -9999 -9999 -9999 -9999
-9999 -9999 -9999 -9999 -9999 8.376914 7.089391 7.318091 7.098012 7.487457 7.8059955 8.021025 8.160829 8.05423 8.162991 8.371956 8.756492 8.930506 8.536005 8.42415 8.151619 8.297001 7.729907 10.493694 6.8590884 6.6108556 7.5168333 6.326266 6.3458433 12.54425 11.116786 6.7212057 6.8172894 7.3821263 7.750675 7.214851 7.904729 7.2733254 8.587684 9.092292 9.584799 9.913055 9.809193 13.796432 7.715777 7.358514 12.1249075 7.3214183 7.1199336 7.402763 13.896611 7.932297 8.018264 7.514579 -9999 -9999 -9999 -9999 -9999 -9999 -9999 -9999 -9999 -9999 -9999 -9999 -9999 -9999 -9999
-9999 -9999 -9999 -9999 7.260153 7.86501 9.223128 7.0735126 7.298311 6.99087 7.3108997 7.806386 7.997887 8.159941 7.676473 7.6911073 7.9490757 8.30904 8.148926 7.875209 8.300747 8.097483 8.27288 7.7262506 10.619692 6.793547 6.6115746 12.062925 11.875593 6.1845975 6.266867 10.2652 6.6675777 7.081656 7.147966 6.9727216 6.81134 6.7359476 7.9301004 6.660981 6.835486 7.9025645 7.8701057 8.051779 13.818341 7.662635 7.136748 11.810518 7.276371 7.302704 7.420687 13.130449 7.254378 7.1442776 7.626213 8.027279 -9999 -9999 -9999 -9999 -9999 -9999 -9999 -9999 -9999 -9999 -9999 -9999 -9999
-9999 -9999 -9999 6.428018 7.6884255 7.105965 7.3020086 9.885801 7.0801687 7.1618047 6.760218 7.2496624 8.048536 8.370542 8.523968 8.337709 8.482307 7.517995 8.01336 8.265721 8.055266 8.272763 7.9219017 7.407064 6.585881 12.144869 12.310075 7.096213 6.180441 6.1206017 6.1246066 9.871649 6.4100175 6.915495 6.4126525 5.997792 6.6960616 7.6139226 6.6847706 6.404612 6.4463816 7.5628066 7.432378 7.8435144 7.4809713 13.569712 7.2748055 6.9203744 11.838232 7.315417 7.096823 13.430136 6.877213 7.1527524 6.4871445 6.174589 8.3892355 -9999 -9999 -9999 -9999 -9999 -9999 -9999 -9999 -9999 -9999 -9999 -9999
-9999 -9999 -9999 7.6159396 7.2073913 7.1012564 7.6740117 7.5681515 10.159009 6.8967733 6.8285646 6.6604733 6.9382696 6.5645194 8.00187 8.510812 9.049517 8.536353 7.5963683 7.9696927 8.262101 8.016124 7.7803187 6.743197 12.105973 10.594278 6.4562936 6.4102683 8.07609 8.228688 8.31387 6.8879375 8.8477125 6.2658033 6.56574 6.8095 6.261305 7.0622487 6.269768 6.3632627 7.398994 6.590759 7.447028 6.843461 6.692267 7.788591 13.488979 7.018034 6.817997 11.7852125 7.0623035 7.040119 13.144919 6.6693683 6.6662602 6.3160405 6.2931 8.857034 -9999 -9999 -9999 -9999 -9999 -9999 -9999 -9999 -9999 -9999 -9999
-9999 -9999 6.929754 6.9959626 6.957948 7.414405 7.182399 7.0672827 7.260712 10.442429 10.775496 6.61811 6.567899 10.910694 10.758703 11.122251 6.858482 8.491512 8.021544 7.6865325 8.416419 7.3686886 7.1119814 12.286472 6.620307 6.4015226 7.946844 7.192529 6.312623 6.3300066 6.141584 6.650866 6.40066 8.599213 6.5589066 7.1626344 7.524196 6.994142 6.6055007 6.031086 6.540429 7.1517625 6.6899986 6.159665 7.788747 7.74495 8.2088995 13.010658 6.5249643 6.566922 13.031229 7.111965 13.28427 7.292662 7.6090837 6.8026342 6.9317675 7.4005423 9.450901 -9999 -9999 -9999 -9999 -9999 -9999 -9999 -9999 -9999 -9999
-9999 5.9953613 6.218988 6.719579 7.15635 7.1344285 6.8548856 6.9160986 7.549318 7.6844172 7.6498327 10.689105 10.981256 6.1370306 6.1250844 6.496916 10.7384815 11.390277 7.1220827 7.3430977 7.388374 12.60542 12.423405 6.9996257 9.977238 7.3275714 6.4062 6.0369515 5.918742 5.7783957 6.164474 6.4739003 6.6944346 6.7276993 7.6054583 6.4267707 7.5620565 7.204092 7.2640667 7.0968747 6.189148 6.6338015 6.631286 8.057664 6.6909347 7.389927 6.8933125 6.086039 12.394786 12.582274 12.201096 13.55946 7.0550213 14.49172 7.651347 7.363759 7.0749807 6.552058 6.437244 7.5945554 -9999 -9999 -9999 -9999 -9999 -9999 -9999 -9999 -9999
-9999 6.0778093 6.71218 6.2078614 6.9014797 6.282403 6.7361894 7.2491517 7.1348605 7.2600574 5.9764004 9.213356 6.7803826 7.0090985 6.5243664 6.256486 6.4832683 8.102576 11.050915 11.563754 12.196748 7.0534244 6.9239964 10.36864 6.6351266 5.979682 6.36111 5.724135 5.9947743 6.1780753 6.6800594 6.495154 6.644194 6.804839 6.34614 8.167876 6.756836 8.173966 8.12611 7.6843634 7.0878887 6.299241 6.2652125 7.4957476 6.084314 6.8951473 6.1881423 6.8033996 6.605351 6.531732 6.9940057 6.921611 13.3341465 7.0770535 14.81241 7.6815457 8.178613 8.476803 7.130157 6.567452 7.237696 -9999 -9999 -9999 -9999 -9999 -9999 -9999 -9999
6.931983 7.137672 6.260203 6.8507843 5.8836594 6.7062664 6.9658384 6.937095 6.735507 7.404816 8.799755 6.8202705 6.7381763 6.242555 6.2558494 5.8649693 8.058844 6.3862643 6.4225483 6.4016275 8.376864 8.921949 7.314855 7.07467 9.166858 6.7197185 6.289631 7.208596 7.6657257 6.9058876 6.69819 6.886091 6.7576094 6.6849837 7.3216233 6.93765 8.832884 9.424634 6.88439 8.353317 7.324961 6.764265 6.4252143 7.3115287 6.8192906 6.470928 7.000995 6.6809125 6.0287776 6.784447 6.148487 7.4471927 6.7088876 7.6643977 7.0625916 14.558052 8.01808 8.401014 8.066213 7.297056 6.5742335 8.138151 -9999 -9999 -9999 -9999 -9999 -9999 -9999
7.2396193 6.8183746 7.490954 6.427437 6.8287134 6.1199903 6.789355 6.716037 7.262085 7.3763943 7.26046 7.4007115 6.4240913 5.880301 6.814942 8.319033 6.382901 6.014895 6.0314775 6.1712356 7.3757634 8.65965 6.079888 6.4476805 6.2686176 9.245113 7.2109094 7.1797905 6.959888 7.468936 7.4535966 6.654258 6.8497458 6.955278 6.6663127 6.7340684 5.815627 5.5106597 9.32611 10.956938 7.3554673 6.8747168 7.395091 7.0420074 7.0175877 7.426076 6.986625 6.5233383 6.96063 5.959272 7.162573 6.370521 6.794965 8.140859 6.904203 7.0858636 14.588056 7.695126 7.3781395 7.6335707 6.85908 6.559059 8.778873 -9999 -9999 -9999 -9999 -9999 -9999
7.4962974 6.813035 6.8636355 7.228815 6.636829 6.597246 6.1577888 6.9130754 7.5343328 6.7667203 6.860965 6.9389677 6.228484 6.90218 7.0072455 7.2602553 6.849482 6.4829645 5.591969 6.0151553 6.5133486 7.6337333 7.944434 6.462356 6.444218 8.998633 7.2293096 11.893744 7.726596 7.1685195 8.148233 7.439658 6.5726104 7.0430107 6.644179 6.1848345 5.593023 5.682485 8.020155 9.353278 11.061492 10.956702 11.1264105 11.294007 11.2249155 7.5974216 7.546201 6.9480658 6.354552 6.8838515 6.114625 6.321649 6.7350593 6.6374025 8.871738 7.1064024 7.063306 14.580382 7.760653 6.5296597 6.9966455 7.273113 6.8050413 9.098545 -9999 -9999 -9999 -9999 -9999
-9999 7.7901506 6.350342 6.583613 6.3639445 6.519297 6.723013 7.160443 6.709143 6.621397 6.876926 6.554795 6.510187 6.9075665 6.8754344 6.6422834 6.4488173 6.342518 6.3216147 6.084834 5.9032397 6.763232 7.1803737 7.065724 9.200934 7.6308 6.5276666 6.5539412 10.005018 7.7363935 6.95738 8.246637 7.254247 6.9185214 6.7996473 6.65853 5.736581 7.8504424 6.739717 7.3043103 6.1491623 6.358593 6.975872 7.11256 7.1478767 11.425838 7.208517 7.4061923 6.630978 6.4517474 6.507936 6.59459 6.795647 7.253483 7.833684 10.618159 10.734486 6.8051877 14.337833 13.833081 6.1714168 6.437178 6.954544 6.293209 8.685477 -9999 -9999 -9999 -9999
-9999 8.129628 6.778238 7.277432 6.4648223 6.495955 6.1860156 6.8402658 7.5259976 7.1925616 7.567617 6.969897 7.03022 7.373573 7.609464 8.699765 7.6933117 7.3455243 6.951065 6.2559533 6.5368342 6.0161343 6.79504 6.5682745 7.9647794 7.5461893 7.290866 6.6517186 6.6921725 10.213296 7.542531 6.743736 7.468317 7.060685 6.7633615 6.99367 8.0802 5.912453 5.542685 5.908733 5.880311 7.616453 8.259429 6.65453 7.1818748 7.1513004 11.091996 11.178282 6.82585 6.5326576 6.8474474 5.917667 6.5510893 6.4516864 9.597794 6.906843 7.2126603 7.0153823 7.4803534 7.893205 13.850165 6.579189 5.8532333 5.973238 5.7795167 8.450029 -9999 -9999 -9999
-9999 8.433327 7.721271 6.8282824 7.6340046 6.9378295 6.8716145 6.733546 8.023755 7.848138 6.9204473 7.8529797 7.0631294 7.0215125 8.113671 10.563865 8.874383 7.752196 8.347173 7.2090683 6.7350297 6.8245263 6.129533 6.4326816 7.177389 8.78164 7.0113125 6.775581 6.7334414 6.859747 10.532897 7.221973 6.4580035 6.3020196 6.9518733 6.5215406 6.6480923 7.9152603 6.8975015 5.645298 6.262153 6.0375414 7.0955877 8.712208 9.569147 7.0462184 6.709066 6.6232414 11.2277565 6.6503425 6.343804 7.151577 6.495739 9.871816 6.6330323 6.7643995 6.73636 7.3297324 7.8156447 8.003286 6.250007 13.564111 5.885937 5.7803407 6.024975 6.021578 8.839237 -9999 -9999
-9999 -9999 8.671133 9.415707 9.856692 9.741523 9.7275 10.1455345 6.9270196 6.963622 7.6732507 7.0992756 7.9440837 7.894407 8.978592 8.477713 10.273336 8.33099 7.893291 7.327252 7.525143 6.579083 6.5559 6.9049883 6.8535776 6.987899 9.246211 6.6114993 6.7497516 6.8252454 6.8860145 10.237362 7.1824913 7.6499777 6.2988024 6.4303517 6.63352 6.884305 6.821265 6.4713435 5.726641 6.630536 6.1376996 6.1612363 6.654513 9.790752 9.988594 6.651666 6.6726637 11.063509 6.3736296 6.9814563 8.767755 7.888533 7.1561613 6.7175612 7.2428393 6.858185 6.8677883 6.2917523 6.336426 5.8286796 12.81346 11.645188 5.739582 6.3136935 5.917309 8.861189 -9999
-9999 -9999 -9999 7.733812 7.335801 6.351584 6.7899647 6.6434865 10.4551115 8.054287 8.545075 8.795907 8.430775 6.864205 7.3335447 8.0531845 10.032328 6.6103935 6.7173057 6.881824 6.9251466 7.416691 7.5080967 6.8641534 6.732891 6.5852504 7.176714 9.56093 9.956065 6.5955787 6.6984434 10.661736 11.331127 6.791614 8.60834 6.891013 8.701499 9.251781 9.534342 7.379804 6.5775065 5.910672 5.702745 6.1529284 6.611718 6.903239 6.788245 10.097483 6.6654887 11.1207485 6.5904255 6.3742857 7.0549555 7.5947165 7.9913206 7.08508 7.322074 6.7043 6.188631 6.577623 7.1837482 5.8157053 5.4759088 12.958117 6.607731 5.8780656 5.7807198 5.9380307 8.746403
-9999 -9999 -9999 6.613484 6.569439 6.5770187 6.2605896 7.3071322 6.1916447 10.189101 6.4041696 6.339096 9.552885 6.934893 7.1991544 7.4901433 10.053726 6.9506655 7.127349 8.025167 7.600265 6.8388715 7.1068344 7.333784 6.3486114 7.1088233 6.7965326 6.734695 6.591602 10.031146 10.491393 6.6535373 11.266543 7.1182895 8.967875 9.633485 7.827322 8.334141 8.72912 10.998592 7.9822264 6.663477 6.1570196 6.098438 6.3739715 6.9250836 7.5734797 6.5386324 10.454159 6.9361057 11.567484 6.418372 6.0894876 6.8682857 7.341727 6.5418324 6.533602 6.49123 6.0281796 6.0771275 6.76746 7.5624533 5.6322536 5.577335 13.217001 5.8499265 5.625656 6.0261464 6.742655
-9999 -9999 -9999 -9999 6.819347 7.2627516 7.253548 6.32252 7.1421247 10.100816 6.3139205 6.3812046 9.820096 6.9073305 7.0413885 10.715397 6.5441613 7.319836 7.28098 7.628148 7.7647047 6.9209805 7.522702 7.8210416 7.6200695 6.0952506 6.2735705 6.3416996 6.971705 7.289026 6.9766955 7.6977334 11.312918 6.8255186 7.156711 10.227858 7.915877 8.593425 8.459697 7.349965 9.838978 6.7723966 6.585907 6.4183187 6.1038985 6.4761734 6.1836987 7.1779532 6.600682 12.520755 8.138254 6.711899 6.1851625 6.477488 7.323629 8.128655 6.5824785 6.8140597 6.2237725 6.487077 6.6226554 7.319423 8.323322 6.5836673 6.2280374 13.111846 5.768465 6.055524 6.1407576
-9999 -9999 -9999 -9999 -9999 6.759121 7.0126677 7.1952753 7.2561493 7.0106726 10.21457 6.4950714 6.9063015 10.511839 7.284123 10.788397 6.421172 6.6757092 7.1135764 7.324618 7.3572636 6.648286 7.7458005 7.426034 6.339515 6.369701 6.3746195 6.678936 7.0116653 7.5129986 7.860416 8.983338 6.869805 11.316209 6.973153 7.202737 10.331891 7.9935675 7.921523 6.9351463 9.8726845 6.7574906 6.705945 6.2124157 6.311645 6.4724703 6.4953914 6.463581 7.4265356 12.449978 7.154864 6.4554873 6.60242 6.7905393 6.1891947 7.179918 8.656687 7.0008106 7.074632 6.7992716 5.8672376 6.186211 7.643235 8.791708 8.820112 8.804589 13.23496 6.0449758 7.666335
