2/sve_2_lehtip_latvuspeitto.asc
ncols         139
nrows         162
xllcorner     572256
yllcorner     7071344
cellsize      16
NODATA_value  -9999
[rows 40 to 79 of 162, columns 0 to 88 of 139]
-9999 -9999 -9999 -9999 -9999 -9999 -9999 -9999 -9999 0 0 0 0 0 0 0 0 0 4 1 11 6 19 13 38 19 10 13 11 26 32 36 18 17 9 4 4 6 9 9 9 6 6 8 3 6 11 2 6 -9999 -9999 -9999 -9999 -9999 -9999 -9999 -9999 -9999 -9999 -9999 -9999 -9999 -9999 -9999 -9999 -9999 -9999 -9999 -9999 -9999 -9999 -9999 -9999 -9999 -9999 -9999 -9999 -9999 -9999 -9999 -9999 -9999 -9999 -9999 -9999 -9999 -9999 -9999 -9999
-9999 -9999 -9999 -9999 -9999 -9999 -9999 -9999 0 0 0 0 0 0 0 0 0 0 0 1 1 3 8 26 21 18 11 22 21 14 45 50 44 16 19 7 5 7 8 8 8 6 5 3 2 7 12 6 3 7 -9999 -9999 -9999 -9999 -9999 -9999 -9999 -9999 -9999 -9999 -9999 -9999 -9999 -9999 -9999 -9999 -9999 -9999 -9999 -9999 -9999 -9999 -9999 -9999 -9999 -9999 -9999 -9999 -9999 -9999 -9999 -9999 -9999 -9999 -9999 -9999 -9999 -9999 -9999
-9999 -9999 -9999 -9999 -9999 -9999 -9999 9 0 0 0 0 0 0 0 0 0 0 0 0 0 1 1 18 7 8 15 11 19 27 23 37 47 47 47 28 14 9 8 7 9 6 5 1 3 3 3 3 4 2 6 4 -9999 -9999 -9999 -9999 -9999 -9999 -9999 -9999 -9999 -9999 -9999 -9999 -9999 -9999 -9999 -9999 -9999 -9999 -9999 -9999 -9999 -9999 -9999 -9999 -9999 -9999 -9999 -9999 -9999 -9999 -9999 -9999 -9999 -9999 -9999 -9999 -9999
-9999 -9999 -9999 -9999 -9999 -9999 8 5 9 0 0 0 0 0 0 0 0 0 0 0 0 0 3 0 2 0 0 6 19 10 28 19 40 46 26 48 27 10 10 8 7 5 5 5 4 1 1 2 6 2 6 11 7 -9999 -9999 -9999 -9999 -9999 -9999 -9999 -9999 -9999 -9999 -9999 -9999 -9999 -9999 -9999 -9999 -9999 -9999 -9999 -9999 -9999 -9999 -9999 -9999 -9999 -9999 -9999 -9999 -9999 -9999 -9999 -9999 -9999 -9999 -9999 -9999
-9999 -9999 -9999 -9999 -9999 6 1 9 9 0 0 0 0 0 0 0 0 0 0 0 0 0 0 0 8 17 16 10 10 10 1 16 28 17 16 25 29 15 8 6 5 8 6 6 7 3 1 3 1 6 7 11 9 6 -9999 -9999 -9999 -9999 -9999 -9999 -9999 -9999 -9999 -9999 -9999 -9999 -9999 -9999 -9999 -9999 -9999 -9999 -9999 -9999 -9999 -9999 -9999 -9999 -9999 -9999 -9999 -9999 -9999 -9999 -9999 -9999 -9999 -9999 -9999
-9999 -9999 -9999 -9999 9 5 0 0 2 0 0 0 0 0 0 0 0 0 0 0 0 0 0 0 0 1 3 12 6 4 9 7 10 16 11 9 34 14 28 8 3 5 8 8 7 7 3 2 0 3 6 14 6 5 7 7 -9999 -9999 -9999 -9999 -9999 -9999 -9999 -9999 -9999 -9999 -9999 -9999 -9999 -9999 -9999 -9999 -9999 -9999 -9999 -9999 -9999 -9999 -9999 -9999 -9999 -9999 -9999 -9999 -9999 -9999 -9999 -9999 -9999
-9999 -9999 -9999 6 8 10 14 7 0 0 0 0 0 0 0 0 0 0 0 0 0 0 0 0 0 0 7 11 7 6 11 14 11 8 9 10 13 20 26 8 6 6 3 5 5 5 6 5 2 1 1 7 5 5 7 6 0 -9999 -9999 -9999 -9999 -9999 -9999 -9999 -9999 -9999 -9999 -9999 -9999 -9999 -9999 -9999 -9999 -9999 -9999 -9999 -9999 -9999 -9999 -9999 -9999 -9999 -9999 -9999 -9999 -9999 -9999 -9999 -9999
-9999 -9999 -9999 13 12 14 18 11 1 12 1 2 2 0 0 0 0 0 0 0 0 0 0 0 12 8 6 13 2 8 7 18 22 12 20 20 16 15 19 26 11 11 9 6 4 1 5 1 8 4 6 1 4 6 6 5 0 6 -9999 -9999 -9999 -9999 -9999 -9999 -9999 -9999 -9999 -9999 -9999 -9999 -9999 -9999 -9999 -9999 -9999 -9999 -9999 -9999 -9999 -9999 -9999 -9999 -9999 -9999 -9999 -9999 -9999 -9999 -9999
-9999 -9999 -9999 20 17 9 9 15 16 4 1 5 11 13 6 24 0 0 0 0 0 0 0 5 2 4 1 7 7 11 19 21 23 25 22 24 8 19 20 21 17 12 11 4 4 2 1 1 3 4 8 8 7 10 5 5 0 5 4 -9999 -9999 -9999 -9999 -9999 -9999 -9999 -9999 -9999 -9999 -9999 -9999 -9999 -9999 -9999 -9999 -9999 -9999 -9999 -9999 -9999 -9999 -9999 -9999 -9999 -9999 -9999 -9999 -9999 -9999
-9999 24 29 -9999 8 15 6 4 10 11 19 11 14 18 19 5 10 19 19 6 1 11 5 0 3 2 7 19 31 17 25 29 29 39 40 25 25 14 15 25 25 12 14 9 4 4 4 4 4 6 5 12 6 6 7 5 4 6 8 4 -9999 -9999 -9999 -9999 -9999 -9999 -9999 -9999 -9999 -9999 -9999 -9999 -9999 -9999 -9999 -9999 -9999 -9999 -9999 -9999 -9999 -9999 -9999 -9999 -9999 -9999 -9999 -9999 -9999
-9999 29 16 13 28 -9999 5 16 19 19 19 16 10 8 21 13 7 21 22 19 3 9 1 7 1 8 15 8 6 4 21 29 23 26 26 27 24 11 25 24 10 8 17 10 11 4 2 5 5 6 7 5 6 7 8 6 7 7 6 5 10 -9999 -9999 -9999 -9999 -9999 -9999 -9999 -9999 -9999 -9999 -9999 -9999 -9999 -9999 -9999 -9999 -9999 -9999 -9999 -9999 -9999 -9999 -9999 -9999 -9999 -9999 -9999 -9999
23 19 33 34 9 2 3 -9999 9 28 23 22 16 17 16 7 12 6 14 10 20 9 11 6 6 7 16 -9999 6 3 4 21 33 24 26 22 24 23 18 23 10 21 10 11 8 11 13 2 7 3 4 7 8 10 14 7 7 2 5 3 6 24 -9999 -9999 -9999 -9999 -9999 -9999 -9999 -9999 -9999 -9999 -9999 -9999 -9999 -9999 -9999 -9999 -9999 -9999 -9999 -9999 -9999 -9999 -9999 -9999 -9999 -9999 -9999
14 14 47 20 7 4 3 1 9 -9999 -9999 8 9 12 19 21 5 6 17 22 20 16 20 7 9 -9999 8 11 13 -9999 9 13 17 10 27 24 18 25 28 20 11 12 6 9 6 10 4 4 1 3 3 6 5 3 10 10 7 2 5 5 6 7 18 -9999 -9999 -9999 -9999 -9999 -9999 -9999 -9999 -9999 -9999 -9999 -9999 -9999 -9999 -9999 -9999 -9999 -9999 -9999 -9999 -9999 -9999 -9999 -9999 -9999 -9999
14 24 37 23 6 8 12 7 0 4 14 11 -9999 -9999 -9999 16 7 7 10 7 13 17 20 13 -9999 8 11 9 10 4 6 -9999 9 22 17 21 32 31 16 17 6 9 9 6 5 4 6 10 9 3 5 6 6 1 4 1 11 2 6 7 7 11 17 7 -9999 -9999 -9999 -9999 -9999 -9999 -9999 -9999 -9999 -9999 -9999 -9999 -9999 -9999 -9999 -9999 -9999 -9999 -9999 -9999 -9999 -9999 -9999 -9999 -9999
-9999 19 39 13 21 11 9 9 6 6 7 8 5 9 13 9 19 -9999 -9999 -9999 13 14 23 -9999 14 10 22 23 21 21 9 12 4 -9999 -9999 10 30 21 17 6 7 16 3 7 7 5 4 8 5 7 8 7 8 8 1 1 3 3 12 10 15 24 19 6 5 -9999 -9999 -9999 -9999 -9999 -9999 -9999 -9999 -9999 -9999 -9999 -9999 -9999 -9999 -9999 -9999 -9999 -9999 -9999 -9999 -9999 -9999 -9999 -9999
-9999 28 16 20 16 13 6 7 6 5 7 6 11 8 15 21 18 3 7 4 3 7 7 6 10 10 24 14 15 24 6 7 22 5 15 -9999 -9999 24 5 13 13 26 17 3 8 4 5 6 6 9 9 9 7 4 15 1 6 7 12 9 28 21 10 7 4 19 -9999 -9999 -9999 -9999 -9999 -9999 -9999 -9999 -9999 -9999 -9999 -9999 -9999 -9999 -9999 -9999 -9999 -9999 -9999 -9999 -9999 -9999 -9999
-9999 13 17 12 9 27 17 10 7 7 3 13 14 19 14 18 19 19 31 2 7 7 7 10 6 18 10 8 20 21 15 12 15 13 23 27 24 13 -9999 -9999 15 20 22 18 4 4 2 6 16 8 9 6 5 19 17 7 1 2 8 6 9 19 10 13 9 19 24 -9999 -9999 -9999 -9999 -9999 -9999 -9999 -9999 -9999 -9999 -9999 -9999 -9999 -9999 -9999 -9999 -9999 -9999 -9999 -9999 -9999 -9999
-9999 -9999 14 17 16 12 13 18 17 18 17 17 18 19 18 17 13 19 19 11 3 6 2 8 6 7 16 9 6 7 27 19 5 17 23 8 6 9 2 1 15 18 25 13 5 7 7 6 5 10 10 8 4 16 9 6 4 2 3 6 9 9 10 18 20 17 17 13 -9999 -9999 -9999 -9999 -9999 -9999 -9999 -9999 -9999 -9999 -9999 -9999 -9999 -9999 -9999 -9999 -9999 -9999 -9999 -9999 -9999
-9999 -9999 -9999 15 12 18 16 18 16 17 13 17 17 16 17 17 18 21 14 5 5 3 9 7 10 9 6 18 17 10 21 29 12 13 5 28 18 9 19 14 15 5 28 9 6 6 5 6 12 14 15 6 8 13 0 4 0 2 2 6 9 9 14 27 25 31 14 8 12 -9999 -9999 -9999 -9999 -9999 -9999 -9999 -9999 -9999 -9999 -9999 -9999 -9999 -9999 -9999 -9999 -9999 -9999 -9999 -9999
-9999 -9999 -9999 3 3 13 17 15 11 17 17 16 18 18 12 17 17 11 14 6 8 4 11 8 7 8 9 6 7 9 38 16 10 28 8 8 13 23 1 2 30 18 11 7 23 12 8 10 11 5 5 11 4 8 6 7 8 3 3 6 20 21 27 16 16 19 9 4 6 5 -9999 -9999 -9999 -9999 -9999 -9999 -9999 -9999 -9999 -9999 -9999 -9999 -9999 -9999 -9999 -9999 -9999 -9999 -9999
-9999 -9999 -9999 -9999 4 13 11 13 15 17 13 11 9 10 15 12 17 14 12 13 15 4 12 8 2 2 9 9 16 17 20 37 25 33 11 13 5 19 17 0 16 12 20 21 15 23 21 10 12 12 15 13 11 10 5 6 6 5 12 16 26 29 19 30 12 18 27 23 17 6 6 -9999 -9999 -9999 -9999 -9999 -9999 -9999 -9999 -9999 -9999 -9999 -9999 -9999 -9999 -9999 -9999 -9999 -9999
-9999 -9999 -9999 -9999 -9999 4 17 10 18 18 19 19 14 7 8 15 8 19 26 10 6 14 3 2 2 2 3 7 11 9 20 9 21 15 9 22 21 7 9 8 25 26 8 22 22 26 14 26 10 10 13 12 10 11 10 10 6 5 7 8 22 24 25 23 17 17 15 17 22 6 6 7 -9999 -9999 -9999 -9999 -9999 -9999 -9999 -9999 -9999 -9999 -9999 -9999 -9999 -9999 -9999 -9999 -9999
-9999 -9999 -9999 -9999 -9999 -9999 17 17 16 19 18 19 18 7 3 9 18 19 10 16 11 8 9 10 7 8 2 2 3 10 9 10 21 36 25 11 22 0 1 7 21 13 21 27 15 23 35 26 5 11 4 4 10 8 16 9 6 10 10 8 10 18 18 23 34 12 22 12 13 6 5 6 9 -9999 -9999 -9999 -9999 -9999 -9999 -9999 -9999 -9999 -9999 -9999 -9999 -9999 -9999 -9999 -9999
-9999 -9999 -9999 -9999 -9999 -9999 -9999 10 10 13 17 17 14 16 7 5 15 23 9 11 9 8 4 4 6 5 2 2 2 8 9 9 22 33 26 11 21 18 1 7 23 20 20 23 17 12 17 22 8 6 3 4 10 12 14 14 11 11 10 20 17 27 21 27 24 44 39 30 13 19 5 8 4 5 -9999 -9999 -9999 -9999 -9999 -9999 -9999 -9999 -9999 -9999 -9999 -9999 -9999 -9999 -9999
-9999 -9999 -9999 -9999 -9999 -9999 -9999 -9999 19 8 13 15 10 3 1 4 7 13 12 9 12 1 14 22 10 5 7 8 2 2 8 6 25 14 28 10 8 19 19 23 22 17 13 28 21 4 7 8 18 8 8 4 12 9 10 10 10 11 11 10 9 28 24 24 24 31 35 40 38 23 16 7 2 6 7 -9999 -9999 -9999 -9999 -9999 -9999 -9999 -9999 -9999 -9999 -9999 -9999 -9999 -9999
-9999 -9999 -9999 -9999 -9999 -9999 -9999 -9999 -9999 10 13 16 13 6 4 3 3 7 9 10 10 14 11 19 17 10 10 10 3 3 3 10 16 26 40 31 3 21 23 24 15 2 4 3 28 10 11 8 7 8 9 10 6 12 11 10 8 12 4 3 10 15 21 22 27 25 32 9 42 34 20 9 9 6 6 6 -9999 -9999 -9999 -9999 -9999 -9999 -9999 -9999 -9999 -9999 -9999 -9999 -9999
-9999 -9999 -9999 -9999 -9999 -9999 -9999 -9999 -9999 11 4 17 12 4 6 1 2 6 12 11 3 9 8 11 7 18 9 3 10 13 3 3 8 23 22 8 10 15 25 26 17 2 4 9 28 17 12 21 23 4 5 8 8 4 3 9 9 9 3 3 3 9 15 15 8 29 28 20 27 40 40 22 7 7 6 5 -9999 -9999 -9999 -9999 -9999 -9999 -9999 -9999 -9999 -9999 -9999 -9999 -9999
-9999 -9999 -9999 -9999 -9999 -9999 -9999 -9999 -9999 -9999 2 16 12 14 6 2 3 4 13 17 3 3 4 5 9 4 6 17 4 12 15 13 2 17 26 22 31 1 10 26 29 4 3 9 7 14 7 30 8 3 8 8 7 7 3 3 8 9 8 7 4 6 9 18 9 31 30 31 25 31 28 34 21 6 6 6 16 -9999 -9999 -9999 -9999 -9999 -9999 -9999 -9999 -9999 -9999 -9999 -9999
-9999 -9999 -9999 -9999 -9999 -9999 -9999 -9999 -9999 -9999 -9999 10 16 14 6 8 9 1 2 2 16 8 6 10 4 10 10 18 9 6 13 7 11 10 19 12 8 18 20 22 9 17 3 3 8 7 10 7 5 7 8 9 9 6 7 4 9 10 9 8 8 2 6 8 8 10 32 19 25 32 35 32 34 20 7 6 7 17 -9999 -9999 -9999 -9999 -9999 -9999 -9999 -9999 -9999 -9999 -9999
-9999 -9999 -9999 -9999 -9999 -9999 -9999 -9999 -9999 -9999 -9999 -9999 10 4 7 9 11 9 2 4 6 16 9 6 6 7 13 6 13 9 17 12 3 14 18 11 19 22 2 11 16 18 19 18 15 9 22 14 8 7 8 8 8 8 8 9 6 10 9 9 7 3 9 9 8 13 14 34 23 38 38 31 36 25 15 10 9 17 -9999 -9999 -9999 -9999 -9999 -9999 -9999 -9999 -9999 -9999 -9999
-9999 -9999 -9999 -9999 -9999 -9999 -9999 -9999 -9999 -9999 -9999 -9999 -9999 5 7 17 14 6 2 5 9 9 8 12 18 5 4 4 8 9 10 11 14 23 23 14 3 3 13 11 23 16 16 15 15 9 19 11 4 5 5 10 10 8 7 9 11 6 4 2 3 5 5 4 3 5 9 22 27 42 31 32 36 31 9 8 8 7 9 -9999 -9999 -9999 -9999 -9999 -9999 -9999 -9999 -9999 -9999
-9999 -9999 -9999 -9999 -9999 -9999 -9999 -9999 -9999 -9999 -9999 -9999 -9999 -9999 2 2 16 10 8 9 13 14 10 9 9 4 11 5 17 11 11 14 17 25 20 16 4 3 17 6 17 39 9 13 15 7 24 13 5 9 5 9 4 9 13 13 9 5 15 4 11 5 5 5 2 4 5 12 29 35 47 37 36 34 23 21 16 6 17 -9999 -9999 -9999 -9999 -9999 -9999 -9999 -9999 -9999 -9999
-9999 -9999 -9999 -9999 -9999 -9999 -9999 -9999 -9999 -9999 -9999 -9999 -9999 -9999 8 7 6 16 14 15 19 8 10 6 0 3 8 16 7 7 6 20 33 38 31 16 3 10 10 7 7 14 28 9 15 15 31 14 5 4 4 4 4 4 3 4 4 4 3 1 9 17 4 1 3 3 11 17 23 24 36 38 29 35 35 14 13 6 6 4 -9999 -9999 -9999 -9999 -9999 -9999 -9999 -9999 -9999
-9999 -9999 -9999 -9999 -9999 -9999 -9999 -9999 -9999 -9999 -9999 -9999 -9999 -9999 -9999 12 4 15 5 23 15 2 14 10 6 20 12 13 13 12 5 9 34 19 22 18 8 11 2 1 7 17 18 23 16 17 24 9 9 3 3 4 3 2 2 2 3 2 1 2 1 1 15 7 4 10 8 1 18 17 21 44 20 27 33 27 14 11 8 6 -9999 -9999 -9999 -9999 -9999 -9999 -9999 -9999 -9999
-9999 -9999 -9999 -9999 -9999 -9999 -9999 -9999 -9999 -9999 -9999 -9999 -9999 -9999 -9999 -9999 15 19 17 14 29 24 16 7 9 1 12 16 14 6 25 12 9 28 30 18 19 29 9 1 12 14 8 27 12 15 15 19 13 1 1 3 3 2 2 2 2 2 2 1 1 1 3 10 10 5 1 7 12 12 13 17 47 44 47 43 22 7 9 6 6 -9999 -9999 -9999 -9999 -9999 -9999 -9999 -9999
-9999 -9999 -9999 -9999 -9999 -9999 -9999 -9999 -9999 -9999 -9999 -9999 -9999 -9999 -9999 -9999 -9999 30 18 7 10 10 27 20 5 13 20 15 9 8 17 10 17 9 24 4 7 17 10 10 12 11 6 14 15 15 8 17 14 2 2 3 2 2 2 2 2 2 4 3 1 1 1 1 6 9 16 13 7 12 1 14 12 8 24 30 17 20 13 5 6 5 -9999 -9999 -9999 -9999 -9999 -9999 -9999
-9999 -9999 -9999 -9999 -9999 -9999 -9999 -9999 -9999 -9999 -9999 -9999 -9999 -9999 -9999 -9999 -9999 -9999 -9999 9 16 28 29 20 14 9 14 7 9 7 3 13 19 6 20 15 7 3 12 12 16 12 6 6 24 14 13 27 10 1 2 2 2 6 6 2 2 2 3 4 3 2 1 3 3 2 1 4 5 7 6 9 17 12 16 24 15 19 9 4 10 11 11 -9999 -9999 -9999 -9999 -9999 -9999
-9999 -9999 -9999 -9999 -9999 -9999 -9999 -9999 -9999 -9999 -9999 -9999 -9999 -9999 -9999 -9999 -9999 -9999 -9999 -9999 13 19 15 40 18 16 15 15 12 12 10 31 42 16 23 12 8 9 8 12 1 3 9 1 17 17 14 20 8 2 2 2 2 2 2 2 1 3 4 4 5 5 7 2 4 4 3 3 4 1 1 5 5 9 6 14 14 20 21 19 5 5 11 -9999 -9999 -9999 -9999 -9999 -9999
-9999 -9999 -9999 -9999 -9999 -9999 -9999 -9999 -9999 -9999 -9999 -9999 -9999 -9999 -9999 -9999 -9999 -9999 -9999 -9999 -9999 16 23 15 25 19 32 16 11 17 20 40 14 11 26 14 4 9 14 14 12 8 1 4 20 29 31 18 13 3 2 2 2 4 4 2 4 4 4 5 5 11 9 7 1 3 4 2 2 3 3 8 13 12 9 11 14 24 39 20 7 10 9 9 -9999 -9999 -9999 -9999 -9999
-9999 -9999 -9999 -9999 -9999 -9999 -9999 -9999 -9999 -9999 -9999 -9999 -9999 -9999 -9999 -9999 -9999 -9999 -9999 -9999 -9999 -9999 16 24 29 20 9 25 13 6 21 32 17 23 17 17 3 5 3 10 19 18 20 12 8 5 8 9 10 5 4 3 2 2 1 2 4 4 3 4 10 11 11 10 7 2 5 4 4 5 2 9 10 12 10 9 9 19 19 26 23 16 11 5 5 6 -9999 -9999 -9999
