2/sve_2_bm_kuusi_juuret.asc
ncols         139
nrows         162
xllcorner     572256
yllcorner     7071344
cellsize      16
NODATA_value  -9999
[rows 72 to 107 of 162, columns 0 to 80 of 139]
-9999 -9999 -9999 -9999 -9999 -9999 -9999 -9999 -9999 -9999 -9999 -9999 -9999 -9999 1289 1210 2036 1213 1100 614 608 809 858 763 585 248 1715 1123 470 99 89 964 206 475 176 1143 1663 2531 2515 1568 520 136 80 0 0 0 252 1071 2463 2465 2465 2468 2515 2523 2325 2310 2480 2498 2463 2623 2455 2749 2101 1693 823 1344 1733 1566 912 635 422 208 241 201 283 254 95 470 176 82 -9999
-9999 -9999 -9999 -9999 -9999 -9999 -9999 -9999 -9999 -9999 -9999 -9999 -9999 -9999 -9999 1253 318 888 346 172 222 396 554 241 305 1199 707 467 1329 620 337 374 467 260 193 1162 344 758 1758 1757 1018 827 307 43 0 0 42 201 1894 2532 2542 2513 2565 2558 2549 2550 2554 2549 2608 2504 2377 2619 2572 2489 2090 2524 2021 1639 1312 686 243 1062 250 226 978 684 759 266 603 156 -9999
-9999 -9999 -9999 -9999 -9999 -9999 -9999 -9999 -9999 -9999 -9999 -9999 -9999 -9999 -9999 -9999 1182 812 90 72 198 172 68 260 585 468 726 610 981 1175 574 566 270 457 694 661 392 214 546 1480 2296 2606 188 274 0 0 0 200 1057 2447 2560 2541 2573 2550 2580 2592 2577 2554 2542 2620 2847 2558 2546 2608 2699 2143 1642 1218 1151 1160 505 228 534 581 534 309 965 267 428 180 157
-9999 -9999 -9999 -9999 -9999 -9999 -9999 -9999 -9999 -9999 -9999 -9999 -9999 -9999 -9999 -9999 -9999 165 0 0 0 157 41 176 334 498 833 2533 1422 1170 1259 151 507 193 415 34 178 580 392 707 2300 2717 955 146 24 0 0 317 1162 2334 2386 2558 2866 2891 2942 2593 2605 2550 2503 2487 2448 2560 2428 2366 2990 3028 2821 2574 2481 2325 1475 568 425 268 241 161 145 325 298 581 647
-9999 -9999 -9999 -9999 -9999 -9999 -9999 -9999 -9999 -9999 -9999 -9999 -9999 -9999 -9999 -9999 -9999 -9999 -9999 0 0 0 0 415 183 994 1535 2796 2504 2002 2137 759 918 1215 605 386 310 101 1368 299 2834 2723 2465 804 48 0 0 276 765 2369 2393 2503 2903 2801 2782 2888 2582 2524 2512 2499 2501 2463 2580 2419 2518 2312 2379 2894 2204 2358 2599 2488 1310 1467 632 480 109 126 180 576 668
-9999 -9999 -9999 -9999 -9999 -9999 -9999 -9999 -9999 -9999 -9999 -9999 -9999 -9999 -9999 -9999 -9999 -9999 -9999 -9999 0 0 0 0 127 202 133 615 1315 2087 2770 486 238 72 391 215 295 502 583 368 1580 2182 2543 1695 442 26 0 298 397 2406 2303 2466 2948 2930 2894 2873 2624 2515 2514 2481 2452 2435 2667 2527 2449 2730 2618 2463 2400 2377 2384 3011 2990 2718 1916 655 883 291 341 905 353
-9999 -9999 -9999 -9999 -9999 -9999 -9999 -9999 -9999 -9999 -9999 -9999 -9999 -9999 -9999 -9999 -9999 -9999 -9999 -9999 -9999 0 0 0 0 55 183 380 319 1581 1675 428 48 173 466 1919 258 639 779 787 962 1268 1707 1481 388 346 153 368 718 2447 2260 2517 2579 2523 2552 2920 2521 2489 2495 2442 2410 1862 1971 2791 2323 2435 2447 2543 2343 2166 2601 2294 2606 2917 2101 1680 146 180 268 291 255
-9999 -9999 -9999 -9999 -9999 -9999 -9999 -9999 -9999 -9999 -9999 -9999 -9999 -9999 -9999 -9999 -9999 -9999 -9999 -9999 -9999 -9999 0 0 0 0 0 318 0 122 53 0 0 0 45 1093 2069 2532 1958 1452 1369 1327 1334 1150 650 262 58 192 1023 2420 2450 2527 2562 2583 2600 2547 2525 2503 2548 2478 1966 1854 1832 1912 2636 2883 2412 2381 2183 1860 2449 1504 1369 2753 2674 2743 1340 740 202 85 289
-9999 -9999 -9999 -9999 -9999 -9999 -9999 -9999 -9999 -9999 -9999 -9999 -9999 -9999 -9999 -9999 -9999 -9999 -9999 -9999 -9999 -9999 -9999 0 0 0 0 0 0 47 0 0 0 0 0 209 1335 2243 2396 2305 1108 1338 1096 773 224 711 944 645 1108 1965 2449 2497 2527 2550 2606 2567 2540 2588 2578 2548 2459 1940 1881 1790 1969 2435 2630 2530 2508 2518 2440 1629 1380 2676 2521 2746 1934 1076 525 412 775
-9999 -9999 -9999 -9999 -9999 -9999 -9999 -9999 -9999 -9999 -9999 -9999 -9999 -9999 -9999 -9999 -9999 -9999 -9999 -9999 -9999 -9999 -9999 -9999 0 0 0 0 0 0 0 0 123 313 255 429 134 392 1105 1461 1108 1176 1245 749 1086 2541 2545 2182 1639 1351 1893 2437 2448 2473 2484 2495 2494 2576 2559 2568 2542 2484 2459 1963 2004 2356 2511 2567 2559 2534 2472 1303 1393 2552 2742 2644 2701 1449 131 0 44
-9999 -9999 -9999 -9999 -9999 -9999 -9999 -9999 -9999 -9999 -9999 -9999 -9999 -9999 -9999 -9999 -9999 -9999 -9999 -9999 -9999 -9999 -9999 -9999 -9999 0 0 0 0 0 0 67 343 29 0 0 538 0 111 629 1546 1687 1647 975 385 1515 1735 1594 1783 1491 1656 1921 1925 1964 2107 2445 2476 2584 2584 2588 2564 2520 2498 2500 2518 2427 2419 2379 2550 2548 2500 1803 1596 1707 2443 2473 2515 1987 1476 234 442
-9999 -9999 -9999 -9999 -9999 -9999 -9999 -9999 -9999 -9999 -9999 -9999 -9999 -9999 -9999 -9999 -9999 -9999 -9999 -9999 -9999 -9999 -9999 -9999 -9999 -9999 -9999 0 0 0 0 115 315 150 0 0 0 0 0 364 1737 1682 2628 1731 1418 1327 1564 1827 1841 2217 1572 1545 1523 1367 1398 1659 2433 2526 2663 2620 2548 2519 2518 2536 2562 2512 2300 1873 1947 2427 2530 1516 1467 1489 1742 2478 2445 1501 1471 2236 179
-9999 -9999 -9999 -9999 -9999 -9999 -9999 -9999 -9999 -9999 -9999 -9999 -9999 -9999 -9999 -9999 -9999 -9999 -9999 -9999 -9999 -9999 -9999 -9999 -9999 -9999 -9999 -9999 0 0 0 0 26 0 0 0 0 0 155 265 2465 1702 2641 2793 1741 1182 1090 2045 2162 2203 2551 2488 1641 1264 1285 1466 2403 2452 2612 2631 2525 2506 2484 2503 2524 2483 2467 1942 1898 2152 2460 2447 1523 1676 2425 2188 2471 1206 1031 92 639
-9999 -9999 -9999 -9999 -9999 -9999 -9999 -9999 -9999 -9999 -9999 -9999 -9999 -9999 -9999 -9999 -9999 -9999 -9999 -9999 -9999 -9999 -9999 -9999 -9999 -9999 -9999 -9999 -9999 -9999 0 0 0 0 0 0 0 19 264 395 2687 1734 2869 2316 1707 1438 687 832 1484 1759 2780 2294 1697 1712 1275 1679 2395 2441 2453 2603 2553 2590 2657 2585 2550 1962 1631 1432 2014 1900 2529 3011 2958 2100 2276 2650 2320 1275 174 133 724
-9999 -9999 -9999 -9999 -9999 -9999 -9999 -9999 -9999 -9999 -9999 -9999 -9999 -9999 -9999 -9999 -9999 -9999 -9999 -9999 -9999 -9999 -9999 -9999 -9999 -9999 -9999 -9999 -9999 -9999 -9999 0 0 0 0 0 0 375 1025 1276 2609 2386 2170 2207 1701 1505 1210 872 784 1610 1711 1656 1618 1640 1304 2100 2328 2445 2455 2570 2655 2666 2606 2566 2436 1411 1064 1414 2665 2442 2506 2984 2931 2899 2933 2936 1986 1425 164 207 609
-9999 -9999 -9999 -9999 -9999 -9999 -9999 -9999 -9999 -9999 -9999 -9999 -9999 -9999 -9999 -9999 -9999 -9999 -9999 -9999 -9999 -9999 -9999 -9999 -9999 -9999 -9999 -9999 -9999 -9999 -9999 -9999 0 0 0 0 186 165 1736 2475 2414 2596 2475 1493 1079 1481 1317 934 1051 1541 1536 1499 1515 1701 886 1591 2391 2454 2444 2463 2480 2490 2507 2540 2479 2035 1778 2419 2728 2464 2464 2420 2935 2912 2438 2485 2669 1508 1367 94 847
-9999 -9999 -9999 -9999 -9999 -9999 -9999 -9999 -9999 -9999 -9999 -9999 -9999 -9999 -9999 -9999 -9999 -9999 -9999 -9999 -9999 -9999 -9999 -9999 -9999 -9999 -9999 -9999 -9999 -9999 -9999 -9999 -9999 -9999 0 0 75 85 2395 2431 2395 2502 2549 1599 255 1024 1173 1256 1370 1124 931 1663 1201 638 822 1279 1227 1862 2437 2465 2443 1980 1873 1901 2017 1988 2479 2445 2769 2459 2468 2460 2478 2578 2460 2503 2573 1582 1957 1094 896
-9999 -9999 -9999 -9999 -9999 -9999 -9999 -9999 -9999 -9999 -9999 -9999 -9999 -9999 -9999 -9999 -9999 -9999 -9999 -9999 -9999 -9999 -9999 -9999 -9999 -9999 -9999 -9999 -9999 -9999 -9999 -9999 -9999 -9999 -9999 0 32 246 2405 2430 2487 2530 2488 2588 2190 1013 1232 1206 1416 1108 1160 1329 641 570 923 1445 1122 1625 2073 2447 2446 1847 1159 1180 1996 2622 2500 2750 1681 1785 1960 2497 2531 2519 2517 2526 2554 2601 1362 754 885
-9999 -9999 -9999 -9999 -9999 -9999 -9999 -9999 -9999 -9999 -9999 -9999 -9999 -9999 -9999 -9999 -9999 -9999 -9999 -9999 -9999 -9999 -9999 -9999 -9999 -9999 -9999 -9999 -9999 -9999 -9999 -9999 -9999 -9999 -9999 -9999 -9999 281 2427 2472 2479 2491 2515 2508 2048 1955 980 650 735 748 735 537 741 1223 2632 2129 1361 1683 2554 2442 2461 1977 1131 1124 1792 2436 2640 2754 1554 1297 1164 2332 2554 2539 2490 2486 2525 2565 2366 2409 1595
-9999 -9999 -9999 -9999 -9999 -9999 -9999 -9999 -9999 -9999 -9999 -9999 -9999 -9999 -9999 -9999 -9999 -9999 -9999 -9999 -9999 -9999 -9999 -9999 -9999 -9999 -9999 -9999 -9999 -9999 -9999 -9999 -9999 -9999 -9999 -9999 -9999 -9999 2475 2440 1960 1992 2494 2550 2419 2273 1258 1244 1460 1064 725 913 1377 2439 2354 3058 2061 2388 2268 2482 2499 2485 1805 1346 1629 2470 2562 2634 1598 707 695 1661 2898 2959 2447 2478 2532 3195 2453 2184 2112
-9999 -9999 -9999 -9999 -9999 -9999 -9999 -9999 -9999 -9999 -9999 -9999 -9999 -9999 -9999 -9999 -9999 -9999 -9999 -9999 -9999 -9999 -9999 -9999 -9999 -9999 -9999 -9999 -9999 -9999 -9999 -9999 -9999 -9999 -9999 -9999 -9999 -9999 -9999 -9999 2388 1904 1974 2325 2389 2363 2139 1867 1337 1182 1180 1899 2512 2859 1831 2803 2654 2294 2512 2565 2579 2581 2402 1412 1674 1744 2403 2508 1641 384 904 1728 2995 2713 2746 2573 2546 2436 3084 2206 1685
-9999 -9999 -9999 -9999 -9999 -9999 -9999 -9999 -9999 -9999 -9999 -9999 -9999 -9999 -9999 -9999 -9999 -9999 -9999 -9999 -9999 -9999 -9999 -9999 -9999 -9999 -9999 -9999 -9999 -9999 -9999 -9999 -9999 -9999 -9999 -9999 -9999 -9999 -9999 -9999 -9999 2421 1835 1749 1915 2356 2353 2104 1787 1848 1951 2464 2323 2026 2720 2860 2235 2820 2581 2606 2595 2608 2501 1405 1390 1816 2247 1892 1567 1151 1172 2165 2615 2627 2496 2559 2519 2622 2698 2421 1905
-9999 -9999 -9999 -9999 -9999 -9999 -9999 -9999 -9999 -9999 -9999 -9999 -9999 -9999 -9999 -9999 -9999 -9999 -9999 -9999 -9999 -9999 -9999 -9999 -9999 -9999 -9999 -9999 -9999 -9999 -9999 -9999 -9999 -9999 -9999 -9999 -9999 -9999 -9999 -9999 -9999 -9999 -9999 1808 1916 2481 2523 2562 2482 2569 2573 2567 1904 1390 2273 2089 2758 2483 2509 2578 2545 2327 2888 1934 1397 1402 1578 1236 1401 1470 2285 2661 2074 2069 2102 2188 2724 2725 2989 2923 2380
-9999 -9999 -9999 -9999 -9999 -9999 -9999 -9999 -9999 -9999 -9999 -9999 -9999 -9999 -9999 -9999 -9999 -9999 -9999 -9999 -9999 -9999 -9999 -9999 -9999 -9999 -9999 -9999 -9999 -9999 -9999 -9999 -9999 -9999 -9999 -9999 -9999 -9999 -9999 -9999 -9999 -9999 -9999 -9999 2488 2483 2505 2550 2552 2616 2557 2578 1914 1134 2508 2898 2675 2445 2118 2581 2287 1148 2512 3095 2785 2055 1400 1414 2325 2923 2495 2393 2432 2299 2136 2121 3058 3105 2890 2471 2441
-9999 -9999 -9999 -9999 -9999 -9999 -9999 -9999 -9999 -9999 -9999 -9999 -9999 -9999 -9999 -9999 -9999 -9999 -9999 -9999 -9999 -9999 -9999 -9999 -9999 -9999 -9999 -9999 -9999 -9999 -9999 -9999 -9999 -9999 -9999 -9999 -9999 -9999 -9999 -9999 -9999 -9999 -9999 -9999 -9999 -9999 2670 2708 3158 3117 3142 2576 2352 2177 3034 1848 2504 2282 2178 2610 1993 1952 2799 1280 1904 1993 2550 2770 2492 2366 2286 2320 3062 2367 2587 2551 2503 2968 2984 3379 3381
-9999 -9999 -9999 -9999 -9999 -9999 -9999 -9999 -9999 -9999 -9999 -9999 -9999 -9999 -9999 -9999 -9999 -9999 -9999 -9999 -9999 -9999 -9999 -9999 -9999 -9999 -9999 -9999 -9999 -9999 -9999 -9999 -9999 -9999 -9999 -9999 -9999 -9999 -9999 -9999 -9999 -9999 -9999 -9999 -9999 -9999 -9999 2657 3080 3154 2916 2878 2525 2579 2466 2078 3248 2154 2160 2795 2855 3025 3002 2785 1895 1539 2248 2367 2515 3022 3068 2407 1441 1516 2654 2129 2902 2882 3129 3144 3004
-9999 -9999 -9999 -9999 -9999 -9999 -9999 -9999 -9999 -9999 -9999 -9999 -9999 -9999 -9999 -9999 -9999 -9999 -9999 -9999 -9999 -9999 -9999 -9999 -9999 -9999 -9999 -9999 -9999 -9999 -9999 -9999 -9999 -9999 -9999 -9999 -9999 -9999 -9999 -9999 -9999 -9999 -9999 -9999 -9999 -9999 -9999 -9999 2970 2998 2763 2414 2521 2568 2165 1897 2688 2358 2137 2311 2718 2678 2755 2981 1695 1852 2616 2827 2791 2744 1636 1386 1260 1434 1520 2596 2112 2089 2079 2238 2568
-9999 -9999 -9999 -9999 -9999 -9999 -9999 -9999 -9999 -9999 -9999 -9999 -9999 -9999 -9999 -9999 -9999 -9999 -9999 -9999 -9999 -9999 -9999 -9999 -9999 -9999 -9999 -9999 -9999 -9999 -9999 -9999 -9999 -9999 -9999 -9999 -9999 -9999 -9999 -9999 -9999 -9999 -9999 -9999 -9999 -9999 -9999 -9999 -9999 2673 2256 2701 2507 2576 2550 2873 2582 2111 2197 2848 2978 2640 2946 2983 2775 2971 2993 2641 2951 3027 1039 997 1282 1299 1365 3060 2704 2637 2725 2730 2705
-9999 -9999 -9999 -9999 -9999 -9999 -9999 -9999 -9999 -9999 -9999 -9999 -9999 -9999 -9999 -9999 -9999 -9999 -9999 -9999 -9999 -9999 -9999 -9999 -9999 -9999 -9999 -9999 -9999 -9999 -9999 -9999 -9999 -9999 -9999 -9999 -9999 -9999 -9999 -9999 -9999 -9999 -9999 -9999 -9999 -9999 -9999 -9999 -9999 -9999 -9999 2586 2497 2568 2574 2390 2262 1240 2089 2851 2853 2924 2865 2929 2903 2984 3103 2727 2378 2665 1080 1156 1926 1203 820 1731 2982 2882 2995 2999 3274
-9999 -9999 -9999 -9999 -9999 -9999 -9999 -9999 -9999 -9999 -9999 -9999 -9999 -9999 -9999 -9999 -9999 -9999 -9999 -9999 -9999 -9999 -9999 -9999 -9999 -9999 -9999 -9999 -9999 -9999 -9999 -9999 -9999 -9999 -9999 -9999 -9999 -9999 -9999 -9999 -9999 -9999 -9999 -9999 -9999 -9999 -9999 -9999 -9999 -9999 -9999 -9999 2489 2549 2550 1978 1689 1607 1513 2816 2861 3024 3050 3015 2976 2940 2599 2432 2708 2371 788 770 1411 1744 668 760 557 797 1287 2789 3055
-9999 -9999 -9999 -9999 -9999 -9999 -9999 -9999 -9999 -9999 -9999 -9999 -9999 -9999 -9999 -9999 -9999 -9999 -9999 -9999 -9999 -9999 -9999 -9999 -9999 -9999 -9999 -9999 -9999 -9999 -9999 -9999 -9999 -9999 -9999 -9999 -9999 -9999 -9999 -9999 -9999 -9999 -9999 -9999 -9999 -9999 -9999 -9999 -9999 -9999 -9999 -9999 -9999 2528 2488 1972 1934 1662 1391 2806 2867 2667 2939 3014 2864 2967 2977 3100 2705 2566 937 956 1480 723 403 643 105 497 1332 756 1010
-9999 -9999 -9999 -9999 -9999 -9999 -9999 -9999 -9999 -9999 -9999 -9999 -9999 -9999 -9999 -9999 -9999 -9999 -9999 -9999 -9999 -9999 -9999 -9999 -9999 -9999 -9999 -9999 -9999 -9999 -9999 -9999 -9999 -9999 -9999 -9999 -9999 -9999 -9999 -9999 -9999 -9999 -9999 -9999 -9999 -9999 -9999 -9999 -9999 -9999 -9999 -9999 -9999 -9999 2487 2947 2771 2263 2876 2979 3099 2370 2786 3031 2720 2742 2995 2887 2921 2577 1424 792 1638 1597 438 203 25 96 247 742 116
-9999 -9999 -9999 -9999 -9999 -9999 -9999 -9999 -9999 -9999 -9999 -9999 -9999 -9999 -9999 -9999 -9999 -9999 -9999 -9999 -9999 -9999 -9999 -9999 -9999 -9999 -9999 -9999 -9999 -9999 -9999 -9999 -9999 -9999 -9999 -9999 -9999 -9999 -9999 -9999 -9999 -9999 -9999 -9999 -9999 -9999 -9999 -9999 -9999 -9999 -9999 -9999 -9999 -9999 -9999 2512 2852 2729 2644 3035 3019 3090 2822 3094 2967 2967 2854 2736 2897 2088 1247 1876 1972 1682 1968 190 319 115 51 492 486
-9999 -9999 -9999 -9999 -9999 -9999 -9999 -9999 -9999 -9999 -9999 -9999 -9999 -9999 -9999 -9999 -9999 -9999 -9999 -9999 -9999 -9999 -9999 -9999 -9999 -9999 -9999 -9999 -9999 -9999 -9999 -9999 -9999 -9999 -9999 -9999 -9999 -9999 -9999 -9999 -9999 -9999 -9999 -9999 -9999 -9999 -9999 -9999 -9999 -9999 -9999 -9999 -9999 -9999 -9999 -9999 2754 2441 2405 2837 2984 3012 3013 2737 2963 3031 2946 2776 2952 2954 1297 1704 955 782 2155 454 98 223 51 171 229
-9999 -9999 -9999 -9999 -9999 -9999 -9999 -9999 -9999 -9999 -9999 -9999 -9999 -9999 -9999 -9999 -9999 -9999 -9999 -9999 -9999 -9999 -9999 -9999 -9999 -9999 -9999 -9999 -9999 -9999 -9999 -9999 -9999 -9999 -9999 -9999 -9999 -9999 -9999 -9999 -9999 -9999 -9999 -9999 -9999 -9999 -9999 -9999 -9999 -9999 -9999 -9999 -9999 -9999 -9999 -9999 -9999 2274 2125 2647 3054 2995 2523 2586 2869 2472 2960 2907 2968 2814 1029 1587 1060 957 2097 779 175 205 0 49 79
-9999 -9999 -9999 -9999 -9999 -9999 -9999 -9999 -9999 -9999 -9999 -9999 -9999 -9999 -9999 -9999 -9999 -9999 -9999 -9999 -9999 -9999 -9999 -9999 -9999 -9999 -9999 -9999 -9999 -9999 -9999 -9999 -9999 -9999 -9999 -9999 -9999 -9999 -9999 -9999 -9999 -9999 -9999 -9999 -9999 -9999 -9999 -9999 -9999 -9999 -9999 -9999 -9999 -9999 -9999 -9999 -9999 -9999 1367 2498 2915 2893 2593 1236 1199 2004 3095 2845 2936 2641 993 979 1769 1870 1968 709 182 524 530 501 631
