2/sve_2_dem_16m_aggr.asc
ncols         139
nrows         162
xllcorner     572256
yllcorner     7071344
cellsize      16
NODATA_value  -9999
[rows 31 to 61 of 162, columns 0 to 69 of 139]
-9999 -9999 -9999 -9999 -9999 -9999 -9999 -9999 -9999 -9999 -9999 -9999 -9999 231.0587 230.9355 230.7554 230.6078 230.3952 230.122 229.7791 229.6438 229.2442 228.9989 229.0635 228.7535 228.6763 228.564 228.1423 228.068 228.0837 227.8102 227.5947 227.325 227.1186 226.7871 226.6673 226.5009 226.1652 226.296 226.2717 -9999 -9999 -9999 -9999 -9999 -9999 -9999 -9999 -9999 -9999 -9999 -9999 -9999 -9999 -9999 -9999 -9999 -9999 -9999 -9999 -9999 -9999 -9999 -9999 -9999 -9999 -9999 -9999 -9999 -9999
-9999 -9999 -9999 -9999 -9999 -9999 -9999 -9999 -9999 -9999 -9999 -9999 -9999 231.1318 230.9971 230.8372 230.6458 230.4473 230.1992 229.8517 229.5584 229.4181 229.172 228.8877 228.9526 228.6623 228.4372 228.4408 228.3696 228.1068 227.8626 227.6586 227.4462 227.133 226.8678 226.4863 226.3782 226.2282 226.0018 226.1345 226.168 -9999 -9999 -9999 -9999 -9999 -9999 -9999 -9999 -9999 -9999 -9999 -9999 -9999 -9999 -9999 -9999 -9999 -9999 -9999 -9999 -9999 -9999 -9999 -9999 -9999 -9999 -9999 -9999 -9999
-9999 -9999 -9999 -9999 -9999 -9999 -9999 -9999 -9999 -9999 -9999 -9999 -9999 231.2249 231.0985 230.9086 230.6975 230.492 230.2129 229.9082 229.764 229.408 229.2992 229.1198 228.8426 228.6867 228.7387 228.5601 228.4247 228.1041 227.8788 227.6452 227.5136 227.3964 227.0478 226.5023 226.1678 226.021 225.8914 225.8913 225.9733 225.8416 -9999 -9999 -9999 -9999 -9999 -9999 -9999 -9999 -9999 -9999 -9999 -9999 -9999 -9999 -9999 -9999 -9999 -9999 -9999 -9999 -9999 -9999 -9999 -9999 -9999 -9999 -9999 -9999
-9999 -9999 -9999 -9999 -9999 -9999 -9999 -9999 -9999 -9999 -9999 -9999 -9999 231.355 231.1945 231.0048 230.7733 230.5602 230.2514 229.9798 229.7602 229.7105 229.4234 229.2141 229.1091 228.9663 228.9351 228.8249 228.8189 228.4304 228.0059 227.6667 227.5049 227.3656 227.1022 226.7968 226.2352 225.8407 225.7366 225.6139 225.7405 225.7141 225.468 -9999 -9999 -9999 -9999 -9999 -9999 -9999 -9999 -9999 -9999 -9999 -9999 -9999 -9999 -9999 -9999 -9999 -9999 -9999 -9999 -9999 -9999 -9999 -9999 -9999 -9999 -9999
-9999 -9999 -9999 -9999 -9999 -9999 -9999 -9999 -9999 -9999 -9999 -9999 231.67 231.5049 231.3282 231.1124 230.8761 230.6364 230.2123 230.0993 229.9317 229.6607 229.6232 229.4559 229.2951 229.1435 229.1783 229.2086 228.938 228.737 228.1183 227.8725 227.6085 227.5073 227.176 227.1769 226.6028 225.9664 225.6075 225.5567 225.4504 225.461 225.4485 225.1204 -9999 -9999 -9999 -9999 -9999 -9999 -9999 -9999 -9999 -9999 -9999 -9999 -9999 -9999 -9999 -9999 -9999 -9999 -9999 -9999 -9999 -9999 -9999 -9999 -9999 -9999
-9999 -9999 -9999 -9999 -9999 -9999 -9999 -9999 -9999 -9999 -9999 -9999 231.8255 231.6569 231.4609 231.2303 231.011 230.7362 230.2745 230.0113 229.9626 229.7876 229.5613 229.6354 229.7534 229.4862 229.1447 229.5624 229.2371 228.7303 229.0627 228.698 227.8018 227.5333 227.2622 227.2224 226.9299 226.4815 225.7112 225.4738 225.4023 225.2038 225.1356 225.1334 224.8934 -9999 -9999 -9999 -9999 -9999 -9999 -9999 -9999 -9999 -9999 -9999 -9999 -9999 -9999 -9999 -9999 -9999 -9999 -9999 -9999 -9999 -9999 -9999 -9999 -9999
-9999 -9999 -9999 -9999 -9999 -9999 -9999 -9999 -9999 -9999 -9999 232.2425 231.9689 231.7951 231.5699 231.3381 231.0874 230.8112 230.3596 230.1522 229.8863 229.7879 229.7131 229.5473 229.5051 229.7684 229.2218 229.1667 229.1077 229.1076 229.2509 229.0913 228.4926 227.597 227.2915 227.0134 226.726 226.5548 226.0786 225.4656 225.2858 225.1709 224.9346 224.9346 224.8128 224.4795 -9999 -9999 -9999 -9999 -9999 -9999 -9999 -9999 -9999 -9999 -9999 -9999 -9999 -9999 -9999 -9999 -9999 -9999 -9999 -9999 -9999 -9999 -9999 -9999
-9999 -9999 -9999 -9999 -9999 -9999 -9999 -9999 -9999 -9999 232.6442 232.4331 232.1972 231.9641 231.7342 231.4537 231.1643 230.8769 230.4957 230.1696 230.0711 229.8416 229.6969 229.5484 229.4448 229.3681 229.2532 229.0687 229.069 229.1729 229.2105 228.8826 228.7302 228.059 227.5584 226.635 226.3049 226.2947 226.1297 225.6537 225.3216 225.0873 224.9405 224.7685 224.6643 224.6756 224.2148 -9999 -9999 -9999 -9999 -9999 -9999 -9999 -9999 -9999 -9999 -9999 -9999 -9999 -9999 -9999 -9999 -9999 -9999 -9999 -9999 -9999 -9999 -9999
-9999 -9999 -9999 -9999 -9999 -9999 -9999 -9999 -9999 233.0369 232.7914 232.5697 232.3581 232.1002 231.8556 231.5797 231.3313 231.0051 230.893 230.5072 230.2143 230.0109 229.8497 229.5105 229.4229 229.374 229.3997 229.212 228.9775 229.058 229.2186 228.9533 228.7097 228.3611 227.5786 226.7313 226.3833 226.4456 226.0846 225.8041 225.4255 224.8652 224.8526 224.7748 224.5595 224.5579 224.4496 224.3155 -9999 -9999 -9999 -9999 -9999 -9999 -9999 -9999 -9999 -9999 -9999 -9999 -9999 -9999 -9999 -9999 -9999 -9999 -9999 -9999 -9999 -9999
-9999 -9999 -9999 -9999 -9999 -9999 -9999 -9999 -9999 233.1775 232.9158 232.6781 232.4505 232.2194 231.9586 231.601 231.3851 231.2316 230.9082 230.6655 230.534 230.1134 229.9297 229.6421 229.3124 229.2231 229.0918 229.0914 228.9445 228.8707 228.9182 228.8518 228.516 228.2271 227.6363 226.819 226.4554 226.247 225.9915 225.7297 225.3693 225.0394 224.6946 224.7016 224.6434 224.5424 224.3741 224.4991 224.2813 -9999 -9999 -9999 -9999 -9999 -9999 -9999 -9999 -9999 -9999 -9999 -9999 -9999 -9999 -9999 -9999 -9999 -9999 -9999 -9999 -9999
-9999 -9999 -9999 -9999 -9999 -9999 -9999 -9999 233.5195 233.2869 233.0282 232.7693 232.5009 232.265 232.0169 231.7386 231.4688 231.3213 231.0749 230.7632 230.5315 230.4232 230.1402 229.7802 229.4435 229.2315 229.1293 228.9227 228.5485 228.7363 229.0025 228.5512 228.1617 227.7978 227.5578 227.0665 226.458 226.1642 225.8658 225.5543 225.2667 225.1795 224.9304 224.5763 224.5854 224.545 224.3256 224.246 224.3165 224.0311 -9999 -9999 -9999 -9999 -9999 -9999 -9999 -9999 -9999 -9999 -9999 -9999 -9999 -9999 -9999 -9999 -9999 -9999 -9999 -9999
-9999 -9999 -9999 -9999 -9999 -9999 -9999 233.8947 233.6114 233.3764 233.1194 232.8654 232.5704 232.2931 232.0473 231.8592 231.6528 231.4048 231.192 230.9517 230.7168 230.36 230.3394 230.0264 229.556 229.4056 229.026 228.6247 228.4262 227.9746 228.3286 228.024 227.4622 227.1686 226.9474 226.6056 226.3327 225.9532 225.7584 225.6427 225.435 225.1425 224.9789 224.7672 224.4358 224.4873 224.3956 224.1763 224.0621 224.217 223.8894 223.4119 -9999 -9999 -9999 -9999 -9999 -9999 -9999 -9999 -9999 -9999 -9999 -9999 -9999 -9999 -9999 -9999 -9999 -9999
-9999 -9999 -9999 -9999 -9999 -9999 234.1173 233.9288 233.7177 233.4462 233.1711 232.9066 232.6369 232.3547 232.096 231.8815 231.6925 231.5019 231.2871 231.0969 230.894 230.648 230.269 230.1572 229.8381 229.3826 229.1448 228.6164 228.2443 228.0062 227.5769 227.3905 227.2847 227.094 226.8084 226.3863 226.1789 226.094 225.9348 225.6892 225.4952 225.3145 224.87 224.797 224.6699 224.3089 224.4048 224.2438 224.0056 223.8298 223.8501 223.8585 223.5036 -9999 -9999 -9999 -9999 -9999 -9999 -9999 -9999 -9999 -9999 -9999 -9999 -9999 -9999 -9999 -9999 -9999
-9999 -9999 -9999 -9999 -9999 234.2567 234.0884 233.934 233.7582 233.5026 233.2301 232.9631 232.6957 232.4528 232.1726 231.933 231.6979 231.5226 231.3661 231.1788 230.958 230.7537 230.4614 230.0736 229.9233 229.7131 229.1653 228.8504 228.3541 227.8569 227.7062 227.6434 227.38 227.2258 227.0307 226.8378 226.5715 226.3191 225.9736 225.7198 225.4246 225.2818 224.9691 224.6459 224.7072 224.5637 224.2731 224.2592 224.0297 223.7505 223.7003 223.8294 223.9839 223.3436 -9999 -9999 -9999 -9999 -9999 -9999 -9999 -9999 -9999 -9999 -9999 -9999 -9999 -9999 -9999 -9999
-9999 -9999 -9999 -9999 235.162 234.7286 234.0854 233.9244 233.787 233.6016 233.3134 232.9996 232.7469 232.442 232.2226 231.956 231.7293 231.5746 231.4131 231.2438 231.0149 230.8122 230.5588 230.2356 229.881 229.6186 229.4634 229.024 228.673 228.4752 228.2124 227.8636 227.681 227.4865 227.3386 227.1284 227.2338 226.9814 226.6069 226.3754 225.8906 225.3475 225.1261 224.8592 224.5297 224.6019 224.4568 224.0657 224.02 223.846 223.6022 223.5406 223.7528 223.7177 223.0874 222.2166 -9999 -9999 -9999 -9999 -9999 -9999 -9999 -9999 -9999 -9999 -9999 -9999 -9999 -9999
-9999 -9999 -9999 236.3596 235.7389 235.3127 234.5119 233.9509 233.7677 233.6549 233.4297 233.0952 232.7617 232.4675 232.1621 231.9137 231.7026 231.5728 231.4212 231.2536 231.0763 230.8587 230.6319 230.35 230.1048 229.7848 229.4986 229.4052 229.2719 228.9829 228.479 228.0652 227.948 227.9063 228.0275 228.2304 227.7733 227.1725 227.2442 227.0233 226.5393 226.0009 225.4088 225.0874 224.8231 224.493 224.4527 224.2685 223.8398 223.8302 223.6288 223.2927 223.4172 223.5733 223.4433 222.9123 221.8987 -9999 -9999 -9999 -9999 -9999 -9999 -9999 -9999 -9999 -9999 -9999 -9999 -9999
-9999 -9999 -9999 236.8802 236.5214 235.7609 235.0302 234.3623 233.8849 233.7321 233.5701 233.2582 232.9887 232.6243 232.1648 231.9268 231.6944 231.5813 231.4612 231.2944 231.1291 230.978 230.8073 230.6045 230.2885 229.9983 229.9831 229.869 229.7045 229.3492 228.9722 228.8278 228.3642 228.292 228.4758 228.4328 228.5465 227.8186 227.8423 227.4508 226.7409 226.5602 226.0203 225.6055 225.1177 224.7117 224.3511 224.2828 224.0179 223.6373 223.5718 223.3784 223.0615 223.2372 223.2066 222.9864 222.3515 221.4265 -9999 -9999 -9999 -9999 -9999 -9999 -9999 -9999 -9999 -9999 -9999 -9999
-9999 -9999 237.7603 237.3456 236.9221 236.3381 235.7192 235.0577 234.3329 233.8862 233.6432 233.3944 233.1341 232.8531 232.3222 231.8382 231.7109 231.5882 231.466 231.3295 231.2002 231.1445 230.9491 230.6602 230.502 230.4131 230.3441 230.1831 230.0673 230.0845 230.2098 229.7352 229.2892 228.7597 228.8693 228.5493 228.5014 228.6136 228.5465 228.0196 227.3644 226.7572 226.5919 226.2812 225.6525 224.9402 224.568 224.2223 224.025 223.7217 223.2698 223.2517 222.953 222.8363 222.7865 222.7013 222.3877 221.7568 221.3216 -9999 -9999 -9999 -9999 -9999 -9999 -9999 -9999 -9999 -9999 -9999
-9999 239.8247 238.9715 238.2102 237.4008 236.9952 236.3218 235.6483 234.8976 234.3554 233.9866 233.6719 233.4337 233.394 233.1284 232.6058 231.9117 231.6614 231.5431 231.4073 231.3107 231.0926 230.9848 231.0171 230.8502 230.9115 230.9529 231.4108 231.5552 231.7203 231.3585 230.7903 230.1555 229.5018 229.1058 228.6258 228.5814 228.4126 228.2321 228.2535 228.0599 227.4259 226.8046 226.2763 226.1882 225.2203 225.0657 224.9003 224.2893 223.9053 223.4485 223.1109 223.059 222.7485 222.7276 222.6258 222.4116 222.254 222.2458 221.6186 -9999 -9999 -9999 -9999 -9999 -9999 -9999 -9999 -9999 -9999
-9999 240.5129 239.9296 239.0092 238.1325 237.4594 236.9893 236.2582 235.521 234.8183 234.4998 234.1716 233.9272 233.8092 233.7404 233.6242 232.9504 232.0597 231.6477 231.58 231.3369 231.3834 231.3002 230.9929 231.13 231.5715 231.9271 232.425 232.5573 232.5101 232.1369 231.5779 231.1765 230.4576 229.8533 228.9503 228.4433 228.2507 228.1432 228.162 228.0852 227.8017 227.2266 226.7117 226.792 226.0736 226.0425 225.7609 225.1058 224.4776 223.901 223.3019 222.9422 222.6792 222.5609 222.5076 222.4272 222.4358 222.5582 222.215 221.6679 -9999 -9999 -9999 -9999 -9999 -9999 -9999 -9999 -9999
241.0733 240.5343 240.3863 240.0248 239.3558 238.2892 237.3922 236.89 236.281 235.5434 235.039 234.8209 234.7433 234.581 234.2679 234.1973 233.8713 233.3679 232.6901 231.9673 231.6058 231.5532 231.4494 231.3262 231.4197 231.7273 232.8683 232.9522 232.9556 232.4812 232.3571 231.9861 231.5171 230.9745 230.0827 229.2626 228.3409 228.2289 227.9353 227.9442 228.0495 227.7822 227.5465 226.9996 227.0332 226.5619 226.22 226.0957 226.0572 225.1863 224.4838 223.7722 223.2682 222.9333 222.7359 222.429 222.4433 222.37 222.4047 222.5705 222.3002 221.5706 -9999 -9999 -9999 -9999 -9999 -9999 -9999 -9999
241.1314 240.8329 240.353 240.3569 239.6778 238.9566 237.981 237.3299 236.745 236.2748 235.7779 235.441 235.5186 235.5307 235.2467 234.7436 234.5495 234.6081 234.2356 233.0333 232.1879 232.1622 232.5248 232.3122 232.1638 232.1926 232.1898 232.4907 232.7729 232.5564 232.4279 232.44 231.9228 231.319 230.9323 230.0979 229.837 229.2528 228.1558 227.837 227.7978 227.6615 227.3421 227.023 226.9328 226.598 226.835 226.3075 226.0039 225.574 224.7679 224.3218 223.625 222.9402 222.7567 222.4821 222.221 222.2524 222.2681 222.4888 222.4612 222.0232 221.5215 -9999 -9999 -9999 -9999 -9999 -9999 -9999
240.6059 240.8046 240.6332 240.1677 239.8748 239.1614 238.4662 237.5792 237.2337 236.8958 236.5474 236.291 236.2262 235.9745 235.7449 235.1985 235.1491 235.2167 235.1662 234.5014 233.2028 232.5503 232.6075 232.6946 232.8342 232.7843 232.2706 232.1375 232.3715 232.5206 232.5376 232.3044 232.2576 231.8086 231.6416 231.369 230.6328 229.7025 228.354 227.8571 227.7154 227.5321 227.3061 227.1448 226.8521 226.6057 226.7062 226.7343 226.2249 225.5585 225.2594 224.6714 223.8376 223.1548 222.7253 222.5444 222.3829 221.925 221.9712 222.3921 222.3688 222.2793 222.0453 221.5175 -9999 -9999 -9999 -9999 -9999 -9999
-9999 240.1619 240.2023 240.1353 239.7681 239.2597 238.5462 237.7566 237.5206 237.2794 237.0124 236.8685 236.5457 236.1772 235.9189 235.8255 235.7676 235.9142 235.7565 235.5219 234.7879 233.7062 233.263 233.1321 232.9771 233.001 232.9531 232.4676 232.1312 232.1241 232.373 232.4382 232.2701 232.0896 231.8797 231.6303 231.1379 229.7479 228.6766 228.2551 228.0618 227.4886 227.2605 227.0521 226.9251 226.6694 226.3489 226.2337 226.2203 225.8073 225.4055 224.7353 223.9391 223.3088 222.8275 222.4983 222.3914 222.2501 221.9054 221.53 221.9289 222.1734 222.1512 221.6393 220.9397 -9999 -9999 -9999 -9999 -9999
-9999 239.7665 239.7751 239.4814 239.3765 239.1465 238.5517 237.883 237.4815 237.3747 237.0975 236.9875 236.6477 236.2064 236.0028 235.9205 235.9382 236.1316 236.1458 236.1254 235.6048 235.2637 234.2091 233.6326 233.1774 232.9894 232.9972 232.7492 232.3592 231.943 231.9303 232.3104 232.324 232.1303 231.9979 231.5699 230.8125 230.5456 230.3511 229.677 228.6658 227.6629 227.3674 227.014 226.8374 226.7087 226.5061 225.9965 225.844 225.6939 225.2117 224.8626 223.8589 223.4298 223.0586 222.7408 222.6138 222.3485 222.0384 221.6929 221.0379 221.4708 221.8502 221.6578 220.9425 219.6745 -9999 -9999 -9999 -9999
-9999 239.2487 239.2271 239.2624 238.9486 238.5962 238.1495 237.8693 237.4208 237.2991 237.159 236.782 236.6009 236.2592 235.8806 235.7965 235.8224 236.1602 236.2429 236.2366 236.1951 236.0794 235.4532 234.4349 233.4795 232.9873 232.8473 232.6075 232.3253 232.0667 231.7179 231.7687 232.0994 232.0232 231.516 231.4479 231.1161 230.7175 231.2382 230.621 229.2809 228.5694 227.9185 227.1795 226.7943 226.626 226.4333 226.1486 225.6804 225.5079 225.1343 224.6006 223.8323 223.4359 223.3926 223.2852 223.0363 222.4854 222.0624 221.7786 221.481 220.3976 220.5329 220.7768 220.2522 219.4679 218.4988 -9999 -9999 -9999
-9999 -9999 238.8025 238.7654 238.6344 238.2945 237.8994 237.5211 237.3767 237.2337 237.0059 236.7211 236.4046 236.1178 235.8516 235.7704 235.7974 236.0713 236.2711 236.3849 236.3813 236.3914 236.1001 235.4173 234.3068 233.418 232.8771 232.5713 232.2869 232.0323 231.7823 231.4718 231.3965 231.3325 231.1798 230.7943 230.8532 230.6832 230.6609 230.7137 230.1307 228.9896 228.5349 227.7912 226.9458 226.6523 226.237 225.9145 225.737 225.2888 225.0444 224.5061 223.7754 223.637 223.7744 223.5898 223.2075 223.0133 222.4166 222.0752 221.7278 221.5728 219.5108 218.8575 219.4502 219.3432 218.6953 217.7569 -9999 -9999
-9999 -9999 -9999 238.6365 238.6575 238.706 238.1507 237.6027 237.1964 237.0087 236.7176 236.4544 236.1065 235.882 235.766 235.6837 235.7691 236.391 236.7431 236.8157 236.7221 236.5332 236.199 235.8277 235.2721 234.182 233.3171 232.776 232.4155 232.0147 231.8093 231.3593 231.1175 230.9807 230.8505 230.6317 230.4501 230.4309 230.4037 230.3468 230.2766 229.9227 229.4501 228.6795 227.4623 226.871 226.4755 225.9675 225.6114 225.3191 224.8189 224.4387 224.0683 223.7249 223.8527 223.6388 223.38 223.4126 222.8215 221.914 221.0336 220.7022 220.3906 218.4539 218.2847 219.1489 218.7124 217.6587 216.3521 -9999
-9999 -9999 -9999 239.4387 239.2106 238.9911 238.6794 237.853 237.2941 236.8382 236.5655 236.1758 235.8069 235.7234 235.6301 235.5942 235.7213 236.3026 236.7471 236.9223 236.9186 236.7507 236.474 236.2856 235.9762 235.2008 234.0257 233.2283 232.6913 232.0421 231.6224 231.4153 231.0078 230.8103 230.6163 230.4925 230.4159 230.3235 230.3125 230.298 230.3068 230.3161 229.5986 229.2306 228.0867 227.1748 226.5205 225.9261 225.5489 225.2678 225.1004 225.0776 224.5038 223.893 223.5559 223.4823 223.3739 223.1023 222.9188 222.0019 220.8719 220.0112 219.6391 218.7641 217.543 217.797 217.9859 217.1491 216.0985 215.1225
-9999 -9999 -9999 -9999 239.569 238.9802 238.6465 238.1786 237.2629 236.6236 236.1886 235.8231 235.5588 235.4393 235.3984 235.4104 235.6108 236.0837 236.624 236.8513 236.9479 236.8756 236.6053 236.4419 236.0216 235.6241 234.8635 234.0627 233.0129 232.3203 231.8501 231.4612 231.1443 230.8392 230.6109 230.4595 230.3874 230.302 230.3371 230.305 230.113 230.0403 229.7708 229.3622 228.4956 227.679 227.0143 225.7446 225.4614 225.181 225.1619 225.1087 224.6438 224.1046 223.4186 222.8415 222.8252 222.6049 222.4743 221.6831 220.8963 219.5629 218.748 218.4561 217.5052 216.5811 217.0767 216.6391 216.0937 215.3992
-9999 -9999 -9999 -9999 -9999 239.2486 238.6566 237.9979 237.3329 236.6075 236.0785 235.6113 235.3312 235.1986 235.2041 235.1899 235.3999 235.9736 236.4889 236.8147 237.3292 236.9058 236.6456 236.679 236.5999 235.8467 235.1823 234.5045 233.4536 232.674 231.9838 231.4733 231.347 230.9988 230.751 230.5728 230.3953 230.3099 230.2395 230.0935 229.8117 229.7471 229.56 229.4032 228.6488 227.94 227.1366 226.1062 225.2645 225.1534 225.3021 224.9004 224.4522 223.8847 223.5131 222.7225 222.2427 222.0526 221.7114 221.3483 220.8849 219.7163 218.593 218.0389 217.1863 216.221 215.9425 216.4214 216.3023 216.0755
