2/sve_2_keskilapimitta.asc
ncols         139
nrows         162
xllcorner     572256
yllcorner     7071344
cellsize      16
NODATA_value  -9999
[rows 76 to 113 of 162, columns 0 to 86 of 139]
-9999 -9999 -9999 -9999 -9999 -9999 -9999 -9999 -9999 -9999 -9999 -9999 -9999 -9999 -9999 -9999 -9999 -9999 -9999 1 1 2 0 9 13 16 17 17 20 18 18 18 17 20 14 12 5 12 20 17 21 22 20 19 0 0 0 8 20 26 27 27 24 24 24 24 26 27 28 29 28 27 26 29 29 29 26 25 25 26 26 26 22 16 18 15 13 13 13 19 18 19 19 -9999 -9999 -9999 -9999
-9999 -9999 -9999 -9999 -9999 -9999 -9999 -9999 -9999 -9999 -9999 -9999 -9999 -9999 -9999 -9999 -9999 -9999 -9999 -9999 0 1 1 2 7 11 12 15 17 21 19 18 14 14 17 14 13 17 17 16 16 19 20 16 12 0 0 10 19 27 27 27 24 25 24 24 25 28 28 29 28 28 25 27 28 29 29 28 28 29 29 24 24 24 20 18 15 17 14 14 19 19 18 -9999 -9999 -9999 -9999
-9999 -9999 -9999 -9999 -9999 -9999 -9999 -9999 -9999 -9999 -9999 -9999 -9999 -9999 -9999 -9999 -9999 -9999 -9999 -9999 -9999 2 2 1 1 2 6 13 17 20 16 14 5 5 14 22 17 17 18 18 16 16 17 16 12 6 4 12 20 28 27 27 26 28 28 24 29 29 28 28 28 24 25 25 28 28 28 29 29 27 27 24 24 25 22 20 17 17 12 14 15 18 20 20 -9999 -9999 -9999
-9999 -9999 -9999 -9999 -9999 -9999 -9999 -9999 -9999 -9999 -9999 -9999 -9999 -9999 -9999 -9999 -9999 -9999 -9999 -9999 -9999 -9999 2 2 2 1 0 6 3 16 14 0 1 1 7 18 18 19 18 17 19 19 19 15 18 17 18 18 19 28 28 28 27 26 26 26 29 28 28 28 25 24 24 24 25 25 27 28 28 26 26 21 20 25 24 23 22 15 11 6 14 11 17 18 17 17 -9999
-9999 -9999 -9999 -9999 -9999 -9999 -9999 -9999 -9999 -9999 -9999 -9999 -9999 -9999 -9999 -9999 -9999 -9999 -9999 -9999 -9999 -9999 -9999 0 1 2 1 1 0 2 1 0 2 1 2 12 20 18 18 19 18 20 18 17 17 19 20 20 20 25 28 29 28 27 26 26 27 27 27 28 28 24 24 23 25 27 27 26 26 27 26 20 20 24 25 24 24 20 15 12 12 12 15 16 18 18 19
-9999 -9999 -9999 -9999 -9999 -9999 -9999 -9999 -9999 -9999 -9999 -9999 -9999 -9999 -9999 -9999 -9999 -9999 -9999 -9999 -9999 -9999 -9999 -9999 0 2 2 2 1 2 2 0 4 5 5 1 8 13 16 20 17 19 17 17 15 19 21 19 25 22 24 28 28 28 28 27 27 26 26 27 27 28 28 25 25 26 26 27 26 27 26 20 19 24 24 24 24 22 16 13 14 9 13 16 15 16 18
-9999 -9999 -9999 -9999 -9999 -9999 -9999 -9999 -9999 -9999 -9999 -9999 -9999 -9999 -9999 -9999 -9999 -9999 -9999 -9999 -9999 -9999 -9999 -9999 -9999 0 2 2 1 2 2 3 8 0 0 1 1 1 10 19 18 17 17 17 16 16 17 17 19 23 25 24 24 25 27 28 28 26 26 26 26 28 29 28 28 27 27 27 28 27 26 23 21 23 24 24 24 24 18 17 14 16 13 10 15 15 17
-9999 -9999 -9999 -9999 -9999 -9999 -9999 -9999 -9999 -9999 -9999 -9999 -9999 -9999 -9999 -9999 -9999 -9999 -9999 -9999 -9999 -9999 -9999 -9999 -9999 -9999 -9999 2 2 2 2 4 8 7 0 0 0 0 2 12 17 17 20 17 16 16 17 18 18 20 24 24 24 23 23 26 28 26 25 25 26 27 28 28 28 28 25 24 24 27 26 23 23 16 21 24 24 20 16 26 17 19 15 11 13 14 17
-9999 -9999 -9999 -9999 -9999 -9999 -9999 -9999 -9999 -9999 -9999 -9999 -9999 -9999 -9999 -9999 -9999 -9999 -9999 -9999 -9999 -9999 -9999 -9999 -9999 -9999 -9999 -9999 1 1 2 0 3 1 2 0 0 0 4 10 20 16 20 21 17 16 15 19 19 19 20 20 17 21 21 23 28 26 25 25 27 27 27 27 28 28 28 24 24 24 27 25 23 22 24 24 24 17 21 17 20 18 18 13 13 13 12
-9999 -9999 -9999 -9999 -9999 -9999 -9999 -9999 -9999 -9999 -9999 -9999 -9999 -9999 -9999 -9999 -9999 -9999 -9999 -9999 -9999 -9999 -9999 -9999 -9999 -9999 -9999 -9999 -9999 -9999 1 1 1 2 2 2 0 0 13 19 20 17 20 20 17 17 17 15 17 17 21 19 17 18 22 26 27 26 26 25 26 26 25 26 28 25 21 21 25 24 28 24 24 24 24 24 24 16 17 16 17 18 18 17 15 17 18
-9999 -9999 -9999 -9999 -9999 -9999 -9999 -9999 -9999 -9999 -9999 -9999 -9999 -9999 -9999 -9999 -9999 -9999 -9999 -9999 -9999 -9999 -9999 -9999 -9999 -9999 -9999 -9999 -9999 -9999 -9999 1 1 2 2 2 2 12 18 21 24 19 19 19 17 17 18 15 15 16 16 17 17 17 22 27 27 26 26 25 25 25 26 27 27 23 18 22 24 28 28 24 24 24 24 24 24 16 16 16 17 20 19 16 20 17 18
-9999 -9999 -9999 -9999 -9999 -9999 -9999 -9999 -9999 -9999 -9999 -9999 -9999 -9999 -9999 -9999 -9999 -9999 -9999 -9999 -9999 -9999 -9999 -9999 -9999 -9999 -9999 -9999 -9999 -9999 -9999 -9999 1 2 2 0 15 12 22 29 28 26 20 17 15 18 17 15 16 16 16 16 19 20 20 25 28 27 27 27 28 28 28 28 28 23 21 20 24 28 28 27 24 24 23 23 24 21 21 16 17 18 18 18 19 20 18
-9999 -9999 -9999 -9999 -9999 -9999 -9999 -9999 -9999 -9999 -9999 -9999 -9999 -9999 -9999 -9999 -9999 -9999 -9999 -9999 -9999 -9999 -9999 -9999 -9999 -9999 -9999 -9999 -9999 -9999 -9999 -9999 -9999 -9999 0 1 2 15 28 28 27 29 23 16 17 15 15 16 16 16 15 20 17 14 18 21 23 24 28 28 28 25 24 24 25 22 24 24 24 28 28 28 27 25 27 26 26 23 21 17 19 18 18 19 19 18 22
-9999 -9999 -9999 -9999 -9999 -9999 -9999 -9999 -9999 -9999 -9999 -9999 -9999 -9999 -9999 -9999 -9999 -9999 -9999 -9999 -9999 -9999 -9999 -9999 -9999 -9999 -9999 -9999 -9999 -9999 -9999 -9999 -9999 -9999 -9999 0 11 19 28 28 27 28 29 24 18 18 17 18 17 15 17 18 14 16 20 16 15 18 27 28 28 24 20 20 25 24 24 24 23 23 24 28 27 27 27 27 27 27 20 18 18 18 19 19 19 20 20
-9999 -9999 -9999 -9999 -9999 -9999 -9999 -9999 -9999 -9999 -9999 -9999 -9999 -9999 -9999 -9999 -9999 -9999 -9999 -9999 -9999 -9999 -9999 -9999 -9999 -9999 -9999 -9999 -9999 -9999 -9999 -9999 -9999 -9999 -9999 -9999 -9999 19 27 28 29 29 28 28 22 20 20 17 16 17 20 17 21 23 21 20 16 18 24 27 27 25 19 19 22 25 24 24 20 20 17 26 27 27 28 28 27 26 24 24 20 19 19 20 20 20 20
-9999 -9999 -9999 -9999 -9999 -9999 -9999 -9999 -9999 -9999 -9999 -9999 -9999 -9999 -9999 -9999 -9999 -9999 -9999 -9999 -9999 -9999 -9999 -9999 -9999 -9999 -9999 -9999 -9999 -9999 -9999 -9999 -9999 -9999 -9999 -9999 -9999 -9999 28 28 25 25 29 28 27 24 21 16 20 24 21 19 23 28 26 23 20 20 26 27 27 28 23 22 21 24 24 24 19 18 18 21 24 24 26 28 27 24 24 24 24 20 20 20 19 18 17
-9999 -9999 -9999 -9999 -9999 -9999 -9999 -9999 -9999 -9999 -9999 -9999 -9999 -9999 -9999 -9999 -9999 -9999 -9999 -9999 -9999 -9999 -9999 -9999 -9999 -9999 -9999 -9999 -9999 -9999 -9999 -9999 -9999 -9999 -9999 -9999 -9999 -9999 -9999 -9999 28 24 25 26 27 26 24 23 22 20 20 24 28 24 23 25 25 26 28 27 27 27 26 20 21 24 24 24 20 18 19 21 24 26 27 26 27 25 24 22 23 23 20 20 20 19 18
-9999 -9999 -9999 -9999 -9999 -9999 -9999 -9999 -9999 -9999 -9999 -9999 -9999 -9999 -9999 -9999 -9999 -9999 -9999 -9999 -9999 -9999 -9999 -9999 -9999 -9999 -9999 -9999 -9999 -9999 -9999 -9999 -9999 -9999 -9999 -9999 -9999 -9999 -9999 -9999 -9999 28 23 23 24 27 26 23 23 23 24 28 26 22 19 22 26 25 28 27 27 27 26 23 20 23 24 25 19 16 16 24 27 27 29 28 27 24 24 23 22 24 21 19 19 19 19
-9999 -9999 -9999 -9999 -9999 -9999 -9999 -9999 -9999 -9999 -9999 -9999 -9999 -9999 -9999 -9999 -9999 -9999 -9999 -9999 -9999 -9999 -9999 -9999 -9999 -9999 -9999 -9999 -9999 -9999 -9999 -9999 -9999 -9999 -9999 -9999 -9999 -9999 -9999 -9999 -9999 -9999 -9999 23 24 28 29 28 27 27 27 28 24 23 23 21 25 25 27 27 27 27 29 22 22 22 23 20 22 23 24 23 26 26 28 27 26 24 24 24 23 25 30 23 19 20 23
-9999 -9999 -9999 -9999 -9999 -9999 -9999 -9999 -9999 -9999 -9999 -9999 -9999 -9999 -9999 -9999 -9999 -9999 -9999 -9999 -9999 -9999 -9999 -9999 -9999 -9999 -9999 -9999 -9999 -9999 -9999 -9999 -9999 -9999 -9999 -9999 -9999 -9999 -9999 -9999 -9999 -9999 -9999 -9999 28 28 28 27 26 26 26 27 24 22 24 27 26 25 23 27 27 23 27 29 24 24 22 22 24 23 23 23 23 27 28 28 29 29 24 23 23 24 23 24 22 18 20
-9999 -9999 -9999 -9999 -9999 -9999 -9999 -9999 -9999 -9999 -9999 -9999 -9999 -9999 -9999 -9999 -9999 -9999 -9999 -9999 -9999 -9999 -9999 -9999 -9999 -9999 -9999 -9999 -9999 -9999 -9999 -9999 -9999 -9999 -9999 -9999 -9999 -9999 -9999 -9999 -9999 -9999 -9999 -9999 -9999 -9999 24 25 27 28 29 26 26 24 28 26 24 24 23 26 27 24 28 24 24 25 24 24 23 23 23 23 24 24 27 28 29 30 30 30 30 23 24 21 21 23 23
-9999 -9999 -9999 -9999 -9999 -9999 -9999 -9999 -9999 -9999 -9999 -9999 -9999 -9999 -9999 -9999 -9999 -9999 -9999 -9999 -9999 -9999 -9999 -9999 -9999 -9999 -9999 -9999 -9999 -9999 -9999 -9999 -9999 -9999 -9999 -9999 -9999 -9999 -9999 -9999 -9999 -9999 -9999 -9999 -9999 -9999 -9999 25 27 27 28 25 28 28 27 27 24 24 24 25 27 30 30 27 24 24 27 27 26 24 24 24 23 23 26 28 29 29 28 28 27 28 24 24 24 22 22
-9999 -9999 -9999 -9999 -9999 -9999 -9999 -9999 -9999 -9999 -9999 -9999 -9999 -9999 -9999 -9999 -9999 -9999 -9999 -9999 -9999 -9999 -9999 -9999 -9999 -9999 -9999 -9999 -9999 -9999 -9999 -9999 -9999 -9999 -9999 -9999 -9999 -9999 -9999 -9999 -9999 -9999 -9999 -9999 -9999 -9999 -9999 -9999 26 26 24 23 28 26 28 26 24 24 24 23 27 26 27 28 25 24 27 28 27 27 23 22 21 21 23 27 27 27 27 27 27 27 24 23 22 28 29
-9999 -9999 -9999 -9999 -9999 -9999 -9999 -9999 -9999 -9999 -9999 -9999 -9999 -9999 -9999 -9999 -9999 -9999 -9999 -9999 -9999 -9999 -9999 -9999 -9999 -9999 -9999 -9999 -9999 -9999 -9999 -9999 -9999 -9999 -9999 -9999 -9999 -9999 -9999 -9999 -9999 -9999 -9999 -9999 -9999 -9999 -9999 -9999 -9999 24 24 24 28 26 27 27 26 23 24 27 30 29 26 30 27 28 30 29 26 26 21 20 21 20 22 26 27 27 26 25 25 27 24 23 23 29 28
-9999 -9999 -9999 -9999 -9999 -9999 -9999 -9999 -9999 -9999 -9999 -9999 -9999 -9999 -9999 -9999 -9999 -9999 -9999 -9999 -9999 -9999 -9999 -9999 -9999 -9999 -9999 -9999 -9999 -9999 -9999 -9999 -9999 -9999 -9999 -9999 -9999 -9999 -9999 -9999 -9999 -9999 -9999 -9999 -9999 -9999 -9999 -9999 -9999 -9999 -9999 21 28 27 27 26 23 21 23 27 28 30 29 30 29 28 30 29 26 26 18 18 20 17 15 18 25 25 25 24 24 25 24 23 30 29 30
-9999 -9999 -9999 -9999 -9999 -9999 -9999 -9999 -9999 -9999 -9999 -9999 -9999 -9999 -9999 -9999 -9999 -9999 -9999 -9999 -9999 -9999 -9999 -9999 -9999 -9999 -9999 -9999 -9999 -9999 -9999 -9999 -9999 -9999 -9999 -9999 -9999 -9999 -9999 -9999 -9999 -9999 -9999 -9999 -9999 -9999 -9999 -9999 -9999 -9999 -9999 -9999 28 27 28 24 22 20 23 27 28 29 30 30 30 28 26 29 27 26 18 18 18 23 18 19 20 23 20 27 27 25 24 23 29 30 28
-9999 -9999 -9999 -9999 -9999 -9999 -9999 -9999 -9999 -9999 -9999 -9999 -9999 -9999 -9999 -9999 -9999 -9999 -9999 -9999 -9999 -9999 -9999 -9999 -9999 -9999 -9999 -9999 -9999 -9999 -9999 -9999 -9999 -9999 -9999 -9999 -9999 -9999 -9999 -9999 -9999 -9999 -9999 -9999 -9999 -9999 -9999 -9999 -9999 -9999 -9999 -9999 -9999 27 28 24 22 23 22 28 28 27 27 30 29 30 30 29 29 23 18 18 20 19 16 16 16 18 20 19 19 15 18 24 28 30 29
-9999 -9999 -9999 -9999 -9999 -9999 -9999 -9999 -9999 -9999 -9999 -9999 -9999 -9999 -9999 -9999 -9999 -9999 -9999 -9999 -9999 -9999 -9999 -9999 -9999 -9999 -9999 -9999 -9999 -9999 -9999 -9999 -9999 -9999 -9999 -9999 -9999 -9999 -9999 -9999 -9999 -9999 -9999 -9999 -9999 -9999 -9999 -9999 -9999 -9999 -9999 -9999 -9999 -9999 24 23 23 24 27 28 29 27 27 30 29 29 30 29 30 23 19 17 21 22 18 17 16 18 18 19 15 14 16 20 28 27 29
-9999 -9999 -9999 -9999 -9999 -9999 -9999 -9999 -9999 -9999 -9999 -9999 -9999 -9999 -9999 -9999 -9999 -9999 -9999 -9999 -9999 -9999 -9999 -9999 -9999 -9999 -9999 -9999 -9999 -9999 -9999 -9999 -9999 -9999 -9999 -9999 -9999 -9999 -9999 -9999 -9999 -9999 -9999 -9999 -9999 -9999 -9999 -9999 -9999 -9999 -9999 -9999 -9999 -9999 -9999 25 24 24 26 30 30 29 28 29 30 30 28 28 29 23 19 19 24 22 24 17 17 17 15 16 17 19 14 20 22 26 29
-9999 -9999 -9999 -9999 -9999 -9999 -9999 -9999 -9999 -9999 -9999 -9999 -9999 -9999 -9999 -9999 -9999 -9999 -9999 -9999 -9999 -9999 -9999 -9999 -9999 -9999 -9999 -9999 -9999 -9999 -9999 -9999 -9999 -9999 -9999 -9999 -9999 -9999 -9999 -9999 -9999 -9999 -9999 -9999 -9999 -9999 -9999 -9999 -9999 -9999 -9999 -9999 -9999 -9999 -9999 -9999 24 25 25 27 30 30 30 29 30 30 28 28 28 28 20 19 16 17 25 19 16 15 14 15 14 16 17 15 15 15 26
-9999 -9999 -9999 -9999 -9999 -9999 -9999 -9999 -9999 -9999 -9999 -9999 -9999 -9999 -9999 -9999 -9999 -9999 -9999 -9999 -9999 -9999 -9999 -9999 -9999 -9999 -9999 -9999 -9999 -9999 -9999 -9999 -9999 -9999 -9999 -9999 -9999 -9999 -9999 -9999 -9999 -9999 -9999 -9999 -9999 -9999 -9999 -9999 -9999 -9999 -9999 -9999 -9999 -9999 -9999 -9999 -9999 24 24 26 30 30 26 24 27 27 29 29 30 29 20 19 16 16 24 19 15 16 17 17 14 16 16 16 17 20 19
-9999 -9999 -9999 -9999 -9999 -9999 -9999 -9999 -9999 -9999 -9999 -9999 -9999 -9999 -9999 -9999 -9999 -9999 -9999 -9999 -9999 -9999 -9999 -9999 -9999 -9999 -9999 -9999 -9999 -9999 -9999 -9999 -9999 -9999 -9999 -9999 -9999 -9999 -9999 -9999 -9999 -9999 -9999 -9999 -9999 -9999 -9999 -9999 -9999 -9999 -9999 -9999 -9999 -9999 -9999 -9999 -9999 -9999 19 25 27 29 24 20 20 24 24 27 28 26 19 19 20 19 24 19 17 20 19 20 17 17 19 16 15 16 20
-9999 -9999 -9999 -9999 -9999 -9999 -9999 -9999 -9999 -9999 -9999 -9999 -9999 -9999 -9999 -9999 -9999 -9999 -9999 -9999 -9999 -9999 -9999 -9999 -9999 -9999 -9999 -9999 -9999 -9999 -9999 -9999 -9999 -9999 -9999 -9999 -9999 -9999 -9999 -9999 -9999 -9999 -9999 -9999 -9999 -9999 -9999 -9999 -9999 -9999 -9999 -9999 -9999 -9999 -9999 -9999 -9999 -9999 -9999 24 25 26 23 19 19 23 26 27 25 23 22 18 19 20 23 18 19 21 21 18 17 19 19 16 16 15 16
-9999 -9999 -9999 -9999 -9999 -9999 -9999 -9999 -9999 -9999 -9999 -9999 -9999 -9999 -9999 -9999 -9999 -9999 -9999 -9999 -9999 -9999 -9999 -9999 -9999 -9999 -9999 -9999 -9999 -9999 -9999 -9999 -9999 -9999 -9999 -9999 -9999 -9999 -9999 -9999 -9999 -9999 -9999 -9999 -9999 -9999 -9999 -9999 -9999 -9999 -9999 -9999 -9999 -9999 -9999 -9999 -9999 -9999 -9999 -9999 24 24 20 19 18 20 21 24 24 22 20 20 20 20 21 22 21 21 19 17 20 21 18 18 16 17 16
-9999 -9999 -9999 -9999 -9999 -9999 -9999 -9999 -9999 -9999 -9999 -9999 -9999 -9999 -9999 -9999 -9999 -9999 -9999 -9999 -9999 -9999 -9999 -9999 -9999 -9999 -9999 -9999 -9999 -9999 -9999 -9999 -9999 -9999 -9999 -9999 -9999 -9999 -9999 -9999 -9999 -9999 -9999 -9999 -9999 -9999 -9999 -9999 -9999 -9999 -9999 -9999 -9999 -9999 -9999 -9999 -9999 -9999 -9999 -9999 -9999 25 23 17 17 17 18 20 25 24 22 20 23 19 21 21 21 17 17 17 19 24 20 19 19 15 16
-9999 -9999 -9999 -9999 -9999 -9999 -9999 -9999 -9999 -9999 -9999 -9999 -9999 -9999 -9999 -9999 -9999 -9999 -9999 -9999 -9999 -9999 -9999 -9999 -9999 -9999 -9999 -9999 -9999 -9999 -9999 -9999 -9999 -9999 -9999 -9999 -9999 -9999 -9999 -9999 -9999 -9999 -9999 -9999 -9999 -9999 -9999 -9999 -9999 -9999 -9999 -9999 -9999 -9999 -9999 -9999 -9999 -9999 -9999 -9999 -9999 -9999 20 18 19 19 19 17 19 20 21 20 23 21 21 19 19 21 20 18 18 24 21 22 20 19 19
-9999 -9999 -9999 -9999 -9999 -9999 -9999 -9999 -9999 -9999 -9999 -9999 -9999 -9999 -9999 -9999 -9999 -9999 -9999 -9999 -9999 -9999 -9999 -9999 -9999 -9999 -9999 -9999 -9999 -9999 -9999 -9999 -9999 -9999 -9999 -9999 -9999 -9999 -9999 -9999 -9999 -9999 -9999 -9999 -9999 -9999 -9999 -9999 -9999 -9999 -9999 -9999 -9999 -9999 -9999 -9999 -9999 -9999 -9999 -9999 -9999 -9999 -9999 18 18 17 19 16 21 21 20 18 22 21 23 19 20 20 20 19 17 20 20 19 19 17 17
-9999 -9999 -9999 -9999 -9999 -9999 -9999 -9999 -9999 -9999 -9999 -9999 -9999 -9999 -9999 -9999 -9999 -9999 -9999 -9999 -9999 -9999 -9999 -9999 -9999 -9999 -9999 -9999 -9999 -9999 -9999 -9999 -9999 -9999 -9999 -9999 -9999 -9999 -9999 -9999 -9999 -9999 -9999 -9999 -9999 -9999 -9999 -9999 -9999 -9999 -9999 -9999 -9999 -9999 -9999 -9999 -9999 -9999 -9999 -9999 -9999 -9999 -9999 -9999 17 22 19 19 19 20 21 20 15 16 17 19 23 26 26 19 18 19 19 19 17 17 17
