2/sve_2_Flow_accum_D8_method.asc
NCOLS         139
NROWS         162
XLLCORNER     572256.0
YLLCORNER     7071344.0
CELLSIZE      16.0
NODATA_VALUE  -9999
[rows 36 to 71 of 162, columns 0 to 80 of 139]
-9999 -9999 -9999 -9999 -9999 -9999 -9999 -9999 -9999 -9999 -9999 -9999 4.0 7.0 8.0 8.0 9.0 9.0 10.0 70.0 1.0 1.0 3.0 1.0 1.0 31.0 1.0 1.0 1.0 2.0 1.0 1.0 2.0 3.0 3.0 1.0 1.0 1.0 2.0 80.0 1.0 1.0 403.0 1.0 1.0 -9999 -9999 -9999 -9999 -9999 -9999 -9999 -9999 -9999 -9999 -9999 -9999 -9999 -9999 -9999 -9999 -9999 -9999 -9999 -9999 -9999 -9999 -9999 -9999 -9999 -9999 -9999 -9999 -9999 -9999 -9999 -9999 -9999 -9999 -9999 -9999
-9999 -9999 -9999 -9999 -9999 -9999 -9999 -9999 -9999 -9999 -9999 3.0 6.0 7.0 7.0 8.0 8.0 9.0 9.0 1.0 87.0 1.0 1.0 2.0 1.0 1.0 34.0 39.0 1.0 1.0 1.0 1.0 2.0 2.0 3.0 4.0 1.0 1.0 17.0 2.0 85.0 1.0 1.0 407.0 1.0 1.0 -9999 -9999 -9999 -9999 -9999 -9999 -9999 -9999 -9999 -9999 -9999 -9999 -9999 -9999 -9999 -9999 -9999 -9999 -9999 -9999 -9999 -9999 -9999 -9999 -9999 -9999 -9999 -9999 -9999 -9999 -9999 -9999 -9999 -9999 -9999
-9999 -9999 -9999 -9999 -9999 -9999 -9999 -9999 -9999 -9999 2.0 5.0 6.0 6.0 7.0 7.0 8.0 8.0 7.0 15.0 1.0 100.0 103.0 1.0 5.0 1.0 1.0 1.0 42.0 1.0 1.0 1.0 1.0 2.0 1.0 7.0 14.0 16.0 1.0 1.0 1.0 87.0 1.0 1.0 412.0 1.0 1.0 -9999 -9999 -9999 -9999 -9999 -9999 -9999 -9999 -9999 -9999 -9999 -9999 -9999 -9999 -9999 -9999 -9999 -9999 -9999 -9999 -9999 -9999 -9999 -9999 -9999 -9999 -9999 -9999 -9999 -9999 -9999 -9999 -9999 -9999
-9999 -9999 -9999 -9999 -9999 -9999 -9999 -9999 -9999 1.0 4.0 5.0 5.0 6.0 6.0 7.0 7.0 6.0 6.0 1.0 11.0 2.0 1.0 108.0 1.0 6.0 1.0 1.0 46.0 2.0 1.0 1.0 1.0 1.0 2.0 2.0 1.0 1.0 1.0 1.0 1.0 5.0 89.0 1.0 1.0 417.0 1.0 1.0 -9999 -9999 -9999 -9999 -9999 -9999 -9999 -9999 -9999 -9999 -9999 -9999 -9999 -9999 -9999 -9999 -9999 -9999 -9999 -9999 -9999 -9999 -9999 -9999 -9999 -9999 -9999 -9999 -9999 -9999 -9999 -9999 -9999
-9999 -9999 -9999 -9999 -9999 -9999 -9999 -9999 -9999 3.0 4.0 4.0 5.0 5.0 6.0 6.0 5.0 5.0 5.0 10.0 1.0 1.0 3.0 1.0 120.0 1.0 1.0 3.0 1.0 50.0 1.0 1.0 2.0 1.0 1.0 1.0 1.0 2.0 2.0 2.0 2.0 1.0 97.0 1.0 1.0 1.0 422.0 1.0 1.0 -9999 -9999 -9999 -9999 -9999 -9999 -9999 -9999 -9999 -9999 -9999 -9999 -9999 -9999 -9999 -9999 -9999 -9999 -9999 -9999 -9999 -9999 -9999 -9999 -9999 -9999 -9999 -9999 -9999 -9999 -9999 -9999
-9999 -9999 -9999 -9999 -9999 -9999 -9999 -9999 2.0 3.0 3.0 4.0 4.0 5.0 5.0 4.0 4.0 4.0 4.0 4.0 9.0 1.0 1.0 3.0 1.0 126.0 1.0 1.0 56.0 2.0 1.0 1.0 2.0 3.0 2.0 1.0 2.0 2.0 3.0 588.0 592.0 1.0 1.0 101.0 1.0 1.0 1.0 427.0 1.0 1.0 -9999 -9999 -9999 -9999 -9999 -9999 -9999 -9999 -9999 -9999 -9999 -9999 -9999 -9999 -9999 -9999 -9999 -9999 -9999 -9999 -9999 -9999 -9999 -9999 -9999 -9999 -9999 -9999 -9999 -9999 -9999
-9999 -9999 -9999 -9999 -9999 -9999 -9999 1.0 2.0 2.0 3.0 3.0 4.0 4.0 3.0 3.0 3.0 3.0 3.0 4.0 4.0 17.0 1.0 1.0 3.0 1.0 131.0 134.0 1.0 61.0 1.0 1.0 2.0 3.0 4.0 3.0 2.0 578.0 582.0 1.0 1.0 595.0 1.0 1.0 105.0 1.0 1.0 1.0 432.0 1.0 1.0 1.0 -9999 -9999 -9999 -9999 -9999 -9999 -9999 -9999 -9999 -9999 -9999 -9999 -9999 -9999 -9999 -9999 -9999 -9999 -9999 -9999 -9999 -9999 -9999 -9999 -9999 -9999 -9999 -9999 -9999
-9999 -9999 -9999 -9999 -9999 -9999 1.0 1.0 1.0 2.0 2.0 3.0 3.0 2.0 2.0 2.0 2.0 2.0 3.0 3.0 3.0 4.0 25.0 1.0 1.0 3.0 1.0 1.0 137.0 1.0 495.0 542.0 545.0 549.0 554.0 561.0 573.0 1.0 1.0 1.0 1.0 1.0 619.0 1.0 1.0 109.0 1.0 1.0 1.0 437.0 1.0 1.0 1.0 -9999 -9999 -9999 -9999 -9999 -9999 -9999 -9999 -9999 -9999 -9999 -9999 -9999 -9999 -9999 -9999 -9999 -9999 -9999 -9999 -9999 -9999 -9999 -9999 -9999 -9999 -9999 -9999
-9999 -9999 -9999 -9999 -9999 4.0 1.0 1.0 1.0 1.0 2.0 2.0 1.0 1.0 1.0 1.0 1.0 2.0 2.0 2.0 3.0 3.0 3.0 32.0 1.0 1.0 3.0 1.0 1.0 432.0 45.0 1.0 1.0 1.0 2.0 4.0 4.0 2.0 6.0 14.0 18.0 22.0 5.0 629.0 1.0 1.0 113.0 1.0 1.0 1.0 442.0 1.0 1.0 2.0 -9999 -9999 -9999 -9999 -9999 -9999 -9999 -9999 -9999 -9999 -9999 -9999 -9999 -9999 -9999 -9999 -9999 -9999 -9999 -9999 -9999 -9999 -9999 -9999 -9999 -9999 -9999
-9999 -9999 -9999 -9999 2.0 5.0 18.0 1.0 1.0 1.0 1.0 2.0 1.0 1.0 1.0 1.0 1.0 1.0 1.0 2.0 2.0 2.0 3.0 3.0 37.0 1.0 1.0 287.0 293.0 1.0 1.0 42.0 1.0 1.0 3.0 3.0 1.0 3.0 6.0 2.0 3.0 4.0 4.0 5.0 639.0 1.0 1.0 117.0 1.0 1.0 1.0 445.0 1.0 1.0 4.0 6.0 -9999 -9999 -9999 -9999 -9999 -9999 -9999 -9999 -9999 -9999 -9999 -9999 -9999 -9999 -9999 -9999 -9999 -9999 -9999 -9999 -9999 -9999 -9999 -9999 -9999
-9999 -9999 -9999 1.0 4.0 6.0 7.0 33.0 1.0 1.0 1.0 1.0 5.0 2.0 2.0 2.0 2.0 1.0 1.0 1.0 1.0 2.0 2.0 1.0 1.0 274.0 282.0 3.0 1.0 1.0 1.0 38.0 1.0 2.0 1.0 1.0 2.0 5.0 1.0 2.0 3.0 3.0 4.0 4.0 5.0 649.0 1.0 1.0 121.0 1.0 1.0 449.0 1.0 1.0 1.0 1.0 9.0 -9999 -9999 -9999 -9999 -9999 -9999 -9999 -9999 -9999 -9999 -9999 -9999 -9999 -9999 -9999 -9999 -9999 -9999 -9999 -9999 -9999 -9999 -9999 -9999
-9999 -9999 -9999 3.0 5.0 6.0 5.0 7.0 48.0 1.0 1.0 1.0 1.0 6.0 3.0 3.0 3.0 3.0 2.0 1.0 1.0 1.0 1.0 1.0 235.0 7.0 1.0 1.0 7.0 10.0 12.0 2.0 23.0 1.0 1.0 1.0 1.0 3.0 1.0 2.0 2.0 3.0 3.0 4.0 4.0 4.0 658.0 1.0 1.0 125.0 1.0 1.0 452.0 1.0 1.0 1.0 1.0 12.0 -9999 -9999 -9999 -9999 -9999 -9999 -9999 -9999 -9999 -9999 -9999 -9999 -9999 -9999 -9999 -9999 -9999 -9999 -9999 -9999 -9999 -9999 -9999
-9999 -9999 2.0 4.0 5.0 4.0 6.0 5.0 6.0 60.0 68.0 1.0 1.0 106.0 114.0 125.0 1.0 1.0 4.0 3.0 5.0 1.0 1.0 233.0 1.0 1.0 4.0 6.0 2.0 1.0 1.0 3.0 4.0 14.0 1.0 1.0 1.0 1.0 1.0 1.0 2.0 2.0 3.0 3.0 3.0 4.0 3.0 665.0 1.0 1.0 803.0 1.0 456.0 2.0 1.0 1.0 1.0 3.0 21.0 -9999 -9999 -9999 -9999 -9999 -9999 -9999 -9999 -9999 -9999 -9999 -9999 -9999 -9999 -9999 -9999 -9999 -9999 -9999 -9999 -9999 -9999
-9999 1.0 3.0 4.0 3.0 5.0 4.0 5.0 5.0 5.0 5.0 75.0 103.0 1.0 1.0 2.0 131.0 140.0 1.0 1.0 1.0 180.0 184.0 1.0 45.0 3.0 2.0 2.0 1.0 1.0 2.0 3.0 3.0 4.0 5.0 1.0 1.0 1.0 1.0 1.0 1.0 2.0 2.0 2.0 3.0 2.0 3.0 3.0 671.0 675.0 4.0 812.0 1.0 1281.0 1.0 1.0 2.0 1.0 1.0 3.0 -9999 -9999 -9999 -9999 -9999 -9999 -9999 -9999 -9999 -9999 -9999 -9999 -9999 -9999 -9999 -9999 -9999 -9999 -9999 -9999 -9999
-9999 2.0 3.0 2.0 4.0 3.0 4.0 4.0 4.0 4.0 1.0 22.0 1.0 3.0 1.0 3.0 2.0 14.0 157.0 161.0 173.0 1.0 1.0 42.0 1.0 1.0 2.0 1.0 1.0 1.0 2.0 2.0 3.0 3.0 4.0 9.0 1.0 2.0 3.0 1.0 1.0 1.0 1.0 2.0 1.0 2.0 2.0 2.0 3.0 3.0 4.0 3.0 820.0 1.0 1292.0 1.0 1.0 1.0 1.0 1.0 2.0 -9999 -9999 -9999 -9999 -9999 -9999 -9999 -9999 -9999 -9999 -9999 -9999 -9999 -9999 -9999 -9999 -9999 -9999 -9999 -9999
1.0 2.0 1.0 3.0 2.0 3.0 3.0 3.0 3.0 4.0 19.0 1.0 1.0 2.0 2.0 1.0 13.0 2.0 2.0 3.0 3.0 4.0 15.0 5.0 21.0 1.0 1.0 1.0 1.0 1.0 1.0 2.0 2.0 3.0 3.0 4.0 17.0 27.0 2.0 1.0 1.0 1.0 1.0 1.0 1.0 1.0 1.0 2.0 2.0 3.0 2.0 4.0 3.0 7.0 1.0 1297.0 2.0 1.0 1.0 1.0 1.0 5.0 -9999 -9999 -9999 -9999 -9999 -9999 -9999 -9999 -9999 -9999 -9999 -9999 -9999 -9999 -9999 -9999 -9999 -9999 -9999
1.0 1.0 2.0 1.0 2.0 2.0 2.0 2.0 3.0 3.0 3.0 8.0 1.0 1.0 3.0 12.0 1.0 1.0 2.0 2.0 3.0 14.0 1.0 1.0 2.0 19.0 1.0 2.0 1.0 1.0 1.0 1.0 2.0 2.0 3.0 3.0 3.0 1.0 30.0 46.0 1.0 1.0 2.0 1.0 2.0 1.0 1.0 1.0 2.0 1.0 3.0 2.0 3.0 3.0 1.0 1.0 1303.0 2.0 1.0 1.0 1.0 1.0 8.0 -9999 -9999 -9999 -9999 -9999 -9999 -9999 -9999 -9999 -9999 -9999 -9999 -9999 -9999 -9999 -9999 -9999 -9999
1.0 1.0 1.0 1.0 1.0 1.0 1.0 2.0 2.0 2.0 2.0 3.0 2.0 2.0 2.0 4.0 2.0 1.0 1.0 2.0 3.0 9.0 1.0 1.0 1.0 16.0 1.0 7.0 2.0 1.0 1.0 1.0 1.0 2.0 2.0 2.0 1.0 1.0 11.0 3.0 52.0 57.0 60.0 64.0 70.0 1.0 1.0 1.0 1.0 2.0 1.0 2.0 2.0 2.0 7.0 1.0 1.0 1343.0 2.0 1.0 1.0 1.0 1.0 10.0 -9999 -9999 -9999 -9999 -9999 -9999 -9999 -9999 -9999 -9999 -9999 -9999 -9999 -9999 -9999 -9999 -9999
-9999 3.0 1.0 2.0 1.0 1.0 1.0 1.0 1.0 1.0 2.0 1.0 1.0 1.0 1.0 1.0 1.0 1.0 1.0 2.0 2.0 3.0 3.0 4.0 14.0 1.0 1.0 1.0 13.0 2.0 1.0 1.0 1.0 1.0 1.0 1.0 1.0 10.0 2.0 2.0 3.0 1.0 1.0 1.0 1.0 75.0 1.0 1.0 1.0 1.0 1.0 1.0 1.0 1.0 2.0 32.0 35.0 1.0 1348.0 1357.0 1.0 1.0 1.0 1.0 11.0 -9999 -9999 -9999 -9999 -9999 -9999 -9999 -9999 -9999 -9999 -9999 -9999 -9999 -9999 -9999 -9999
-9999 1.0 4.0 2.0 3.0 2.0 2.0 1.0 1.0 1.0 1.0 1.0 1.0 1.0 1.0 1.0 1.0 1.0 1.0 1.0 2.0 2.0 3.0 3.0 5.0 1.0 1.0 1.0 1.0 19.0 2.0 1.0 1.0 1.0 1.0 1.0 7.0 1.0 1.0 2.0 2.0 5.0 8.0 1.0 1.0 1.0 77.0 82.0 1.0 1.0 2.0 1.0 1.0 1.0 22.0 1.0 1.0 3.0 4.0 4.0 1367.0 2.0 1.0 1.0 2.0 12.0 -9999 -9999 -9999 -9999 -9999 -9999 -9999 -9999 -9999 -9999 -9999 -9999 -9999 -9999 -9999
-9999 1.0 2.0 5.0 3.0 4.0 3.0 3.0 2.0 2.0 1.0 2.0 2.0 2.0 2.0 13.0 2.0 1.0 3.0 1.0 1.0 2.0 2.0 4.0 5.0 11.0 1.0 1.0 1.0 1.0 25.0 2.0 1.0 1.0 2.0 2.0 1.0 1.0 1.0 1.0 2.0 2.0 3.0 14.0 18.0 1.0 1.0 1.0 87.0 1.0 1.0 3.0 2.0 19.0 1.0 1.0 2.0 3.0 3.0 3.0 1.0 1373.0 1.0 1.0 2.0 3.0 16.0 -9999 -9999 -9999 -9999 -9999 -9999 -9999 -9999 -9999 -9999 -9999 -9999 -9999 -9999
-9999 -9999 2.0 5.0 14.0 19.0 25.0 37.0 1.0 1.0 3.0 2.0 3.0 3.0 7.0 1.0 17.0 7.0 2.0 2.0 1.0 1.0 3.0 4.0 4.0 5.0 24.0 1.0 1.0 1.0 1.0 26.0 3.0 5.0 1.0 1.0 1.0 1.0 1.0 1.0 1.0 2.0 2.0 2.0 3.0 25.0 30.0 1.0 1.0 89.0 1.0 3.0 12.0 2.0 1.0 1.0 2.0 2.0 2.0 1.0 1.0 1.0 1376.0 5.0 1.0 1.0 1.0 17.0 -9999 -9999 -9999 -9999 -9999 -9999 -9999 -9999 -9999 -9999 -9999 -9999 -9999
-9999 -9999 -9999 3.0 1.0 1.0 3.0 3.0 44.0 2.0 4.0 9.0 6.0 1.0 1.0 1.0 26.0 1.0 1.0 1.0 1.0 2.0 3.0 3.0 4.0 5.0 4.0 32.0 38.0 1.0 1.0 57.0 30.0 1.0 7.0 1.0 11.0 14.0 18.0 1.0 1.0 1.0 1.0 2.0 3.0 3.0 3.0 37.0 1.0 92.0 1.0 1.0 2.0 2.0 1.0 1.0 1.0 1.0 1.0 2.0 2.0 1.0 1.0 1385.0 2.0 1.0 1.0 2.0 18.0 -9999 -9999 -9999 -9999 -9999 -9999 -9999 -9999 -9999 -9999 -9999 -9999
-9999 -9999 -9999 1.0 1.0 2.0 2.0 3.0 1.0 45.0 1.0 1.0 17.0 1.0 1.0 1.0 32.0 1.0 1.0 1.0 1.0 2.0 2.0 3.0 4.0 3.0 3.0 3.0 3.0 48.0 54.0 1.0 88.0 1.0 4.0 8.0 1.0 1.0 1.0 22.0 1.0 1.0 1.0 2.0 2.0 2.0 3.0 1.0 43.0 1.0 95.0 1.0 1.0 2.0 1.0 1.0 1.0 1.0 1.0 1.0 6.0 3.0 1.0 1.0 1391.0 1.0 1.0 2.0 3.0 25.0 -9999 -9999 -9999 -9999 -9999 -9999 -9999 -9999 -9999 -9999 -9999
-9999 -9999 -9999 -9999 1.0 1.0 2.0 1.0 5.0 54.0 1.0 1.0 22.0 1.0 1.0 35.0 1.0 2.0 2.0 1.0 1.0 1.0 2.0 3.0 2.0 2.0 2.0 2.0 6.0 4.0 4.0 9.0 106.0 1.0 1.0 7.0 1.0 1.0 1.0 1.0 25.0 1.0 1.0 1.0 1.0 2.0 2.0 4.0 1.0 140.0 1.0 1.0 1.0 1.0 4.0 2.0 2.0 2.0 2.0 2.0 1.0 9.0 4.0 1.0 1.0 1421.0 1.0 1.0 3.0 1.0 28.0 -9999 -9999 -9999 -9999 -9999 -9999 -9999 -9999 -9999 -9999
-9999 -9999 -9999 -9999 -9999 1.0 1.0 3.0 2.0 3.0 56.0 1.0 1.0 24.0 1.0 38.0 1.0 3.0 2.0 2.0 1.0 1.0 2.0 1.0 1.0 1.0 1.0 5.0 3.0 3.0 4.0 7.0 1.0 107.0 1.0 1.0 12.0 1.0 1.0 1.0 28.0 1.0 1.0 1.0 1.0 1.0 1.0 1.0 2.0 143.0 1.0 1.0 1.0 1.0 1.0 5.0 3.0 3.0 3.0 3.0 1.0 1.0 12.0 5.0 26.0 4.0 1424.0 1.0 1.0 1.0 1.0 31.0 -9999 -9999 -9999 -9999 -9999 -9999 -9999 -9999 -9999
-9999 -9999 -9999 -9999 -9999 -9999 1.0 1.0 2.0 2.0 64.0 1.0 1.0 29.0 1.0 1.0 43.0 3.0 3.0 1.0 1.0 1.0 1.0 1.0 1.0 2.0 4.0 2.0 2.0 3.0 3.0 3.0 1.0 111.0 1.0 1.0 1.0 15.0 1.0 1.0 32.0 1.0 1.0 2.0 2.0 1.0 1.0 1.0 1.0 150.0 1.0 1.0 2.0 2.0 2.0 2.0 6.0 7.0 1.0 4.0 4.0 1.0 6.0 20.0 3.0 3.0 1434.0 2.0 1.0 1.0 1.0 2.0 35.0 -9999 -9999 -9999 -9999 -9999 -9999 -9999 -9999
-9999 -9999 -9999 -9999 -9999 -9999 -9999 1.0 1.0 2.0 2.0 70.0 1.0 1.0 32.0 1.0 47.0 4.0 2.0 2.0 1.0 1.0 1.0 3.0 2.0 1.0 1.0 1.0 2.0 2.0 2.0 3.0 1.0 1.0 113.0 1.0 1.0 18.0 1.0 1.0 1.0 70.0 1.0 1.0 3.0 3.0 2.0 2.0 2.0 1.0 152.0 2.0 2.0 3.0 3.0 3.0 3.0 7.0 8.0 2.0 5.0 5.0 1.0 2.0 2.0 1.0 2.0 1441.0 2.0 1.0 1.0 1.0 2.0 39.0 -9999 -9999 -9999 -9999 -9999 -9999 -9999
-9999 -9999 -9999 -9999 -9999 -9999 -9999 -9999 1.0 1.0 2.0 3.0 71.0 1.0 37.0 1.0 1.0 54.0 3.0 2.0 2.0 1.0 1.0 1.0 4.0 3.0 1.0 1.0 1.0 1.0 2.0 2.0 4.0 1.0 118.0 1.0 1.0 20.0 1.0 2.0 34.0 1.0 73.0 76.0 82.0 1.0 90.0 94.0 98.0 1.0 1.0 153.0 3.0 3.0 4.0 4.0 4.0 4.0 8.0 9.0 3.0 6.0 1.0 1.0 1.0 1.0 1.0 2.0 1445.0 1.0 1.0 1.0 1.0 2.0 43.0 -9999 -9999 -9999 -9999 -9999 -9999
-9999 -9999 -9999 -9999 -9999 -9999 -9999 -9999 -9999 1.0 2.0 2.0 79.0 1.0 1.0 39.0 1.0 59.0 3.0 3.0 2.0 1.0 1.0 2.0 2.0 5.0 4.0 2.0 1.0 1.0 1.0 4.0 12.0 1.0 1.0 120.0 1.0 24.0 1.0 29.0 1.0 1.0 1.0 1.0 1.0 85.0 1.0 1.0 2.0 99.0 2.0 2.0 154.0 4.0 4.0 5.0 5.0 5.0 5.0 9.0 10.0 4.0 7.0 1.0 1.0 3.0 1.0 5.0 1455.0 2.0 1.0 1.0 1.0 1.0 2.0 56.0 -9999 -9999 -9999 -9999 -9999
-9999 -9999 -9999 -9999 -9999 -9999 -9999 -9999 -9999 1.0 1.0 2.0 2.0 80.0 1.0 43.0 1.0 1.0 66.0 3.0 2.0 2.0 1.0 1.0 3.0 6.0 6.0 5.0 3.0 2.0 3.0 1.0 1.0 15.0 1.0 122.0 1.0 1.0 25.0 1.0 1.0 1.0 1.0 1.0 1.0 1.0 1.0 1.0 1.0 3.0 100.0 3.0 3.0 155.0 9.0 1.0 6.0 6.0 6.0 6.0 10.0 11.0 5.0 8.0 2.0 1.0 4.0 1.0 2.0 1459.0 2.0 1.0 1.0 1.0 1.0 9.0 -9999 -9999 -9999 -9999 -9999
-9999 -9999 -9999 -9999 -9999 -9999 -9999 -9999 -9999 -9999 1.0 1.0 2.0 86.0 1.0 1.0 46.0 1.0 71.0 3.0 3.0 2.0 2.0 1.0 1.0 1.0 7.0 7.0 6.0 4.0 1.0 1.0 1.0 3.0 16.0 144.0 1.0 1.0 2.0 1.0 1.0 2.0 2.0 2.0 2.0 1.0 2.0 2.0 1.0 2.0 4.0 101.0 4.0 4.0 165.0 1.0 8.0 1.0 7.0 7.0 7.0 11.0 12.0 6.0 9.0 3.0 2.0 1.0 1.0 1466.0 2.0 2.0 1.0 1.0 1.0 1.0 6.0 -9999 -9999 -9999 -9999
-9999 -9999 -9999 -9999 -9999 -9999 -9999 -9999 -9999 -9999 -9999 1.0 1.0 2.0 91.0 1.0 1.0 48.0 1.0 78.0 3.0 3.0 2.0 2.0 1.0 1.0 2.0 8.0 8.0 7.0 5.0 2.0 2.0 1.0 4.0 1.0 146.0 1.0 5.0 1.0 2.0 2.0 3.0 3.0 3.0 3.0 2.0 3.0 3.0 2.0 3.0 5.0 102.0 5.0 5.0 167.0 1.0 9.0 2.0 8.0 8.0 8.0 12.0 13.0 7.0 10.0 4.0 3.0 1.0 5.0 1477.0 2.0 2.0 1.0 1.0 1.0 1.0 3.0 -9999 -9999 -9999
-9999 -9999 -9999 -9999 -9999 -9999 -9999 -9999 -9999 -9999 -9999 -9999 1.0 1.0 2.0 93.0 1.0 52.0 1.0 1.0 85.0 3.0 3.0 2.0 2.0 1.0 1.0 3.0 9.0 9.0 8.0 6.0 3.0 1.0 7.0 1.0 149.0 1.0 1.0 7.0 11.0 1.0 3.0 4.0 4.0 4.0 4.0 3.0 4.0 4.0 3.0 4.0 6.0 103.0 6.0 6.0 168.0 2.0 10.0 3.0 9.0 9.0 9.0 13.0 14.0 8.0 11.0 5.0 4.0 1.0 1.0 1482.0 2.0 2.0 1.0 1.0 1.0 1.0 -9999 -9999 -9999
-9999 -9999 -9999 -9999 -9999 -9999 -9999 -9999 -9999 -9999 -9999 -9999 -9999 1.0 1.0 98.0 1.0 1.0 55.0 1.0 1.0 93.0 3.0 3.0 2.0 2.0 1.0 1.0 4.0 10.0 10.0 9.0 7.0 4.0 1.0 10.0 1.0 151.0 1.0 1.0 1.0 14.0 1.0 4.0 5.0 5.0 5.0 5.0 4.0 5.0 5.0 4.0 5.0 7.0 104.0 7.0 7.0 171.0 1.0 11.0 4.0 10.0 10.0 10.0 14.0 15.0 9.0 12.0 6.0 1.0 2.0 1489.0 3.0 2.0 2.0 1.0 1.0 1.0 3.0 -9999 -9999
-9999 -9999 -9999 -9999 -9999 -9999 -9999 -9999 -9999 -9999 -9999 -9999 -9999 -9999 1.0 2.0 103.0 1.0 58.0 1.0 1.0 1.0 100.0 3.0 3.0 1.0 3.0 1.0 1.0 5.0 11.0 11.0 10.0 8.0 1.0 1.0 13.0 16.0 169.0 173.0 1.0 1.0 16.0 1.0 5.0 6.0 6.0 6.0 6.0 5.0 6.0 6.0 5.0 6.0 8.0 105.0 8.0 8.0 172.0 2.0 12.0 5.0 11.0 11.0 11.0 15.0 16.0 22.0 1.0 7.0 1.0 1.0 1495.0 3.0 2.0 2.0 1.0 1.0 1.0 -9999 -9999
