2/sve_2_ppa.asc
ncols         139
nrows         162
xllcorner     572256
yllcorner     7071344
cellsize      16
NODATA_value  -9999
[rows 38 to 75 of 162, columns 0 to 86 of 139]
-9999 -9999 -9999 -9999 -9999 -9999 -9999 -9999 -9999 -9999 0 0 0 0 0 0 0 0 7 17 23 23 20 24 10 14 18 18 15 15 18 20 19 26 22 22 25 26 25 25 24 20 22 24 21 22 20 -9999 -9999 -9999 -9999 -9999 -9999 -9999 -9999 -9999 -9999 -9999 -9999 -9999 -9999 -9999 -9999 -9999 -9999 -9999 -9999 -9999 -9999 -9999 -9999 -9999 -9999 -9999 -9999 -9999 -9999 -9999 -9999 -9999 -9999 -9999 -9999 -9999 -9999 -9999 -9999
-9999 -9999 -9999 -9999 -9999 -9999 -9999 -9999 -9999 0 0 0 0 0 0 0 0 0 4 10 15 17 16 23 12 17 15 15 10 13 13 19 19 18 24 23 24 25 25 26 26 21 21 20 25 19 22 25 -9999 -9999 -9999 -9999 -9999 -9999 -9999 -9999 -9999 -9999 -9999 -9999 -9999 -9999 -9999 -9999 -9999 -9999 -9999 -9999 -9999 -9999 -9999 -9999 -9999 -9999 -9999 -9999 -9999 -9999 -9999 -9999 -9999 -9999 -9999 -9999 -9999 -9999 -9999
-9999 -9999 -9999 -9999 -9999 -9999 -9999 -9999 -9999 0 0 0 0 0 0 0 0 0 0 2 12 8 17 14 21 13 12 15 17 12 19 20 12 15 21 25 22 23 23 24 23 24 23 21 23 20 23 19 23 -9999 -9999 -9999 -9999 -9999 -9999 -9999 -9999 -9999 -9999 -9999 -9999 -9999 -9999 -9999 -9999 -9999 -9999 -9999 -9999 -9999 -9999 -9999 -9999 -9999 -9999 -9999 -9999 -9999 -9999 -9999 -9999 -9999 -9999 -9999 -9999 -9999 -9999
-9999 -9999 -9999 -9999 -9999 -9999 -9999 -9999 0 0 0 0 0 0 0 0 0 0 0 0 1 9 10 11 15 13 15 19 23 19 21 17 22 16 17 20 25 25 25 25 24 24 26 24 20 23 22 17 19 21 -9999 -9999 -9999 -9999 -9999 -9999 -9999 -9999 -9999 -9999 -9999 -9999 -9999 -9999 -9999 -9999 -9999 -9999 -9999 -9999 -9999 -9999 -9999 -9999 -9999 -9999 -9999 -9999 -9999 -9999 -9999 -9999 -9999 -9999 -9999 -9999 -9999
-9999 -9999 -9999 -9999 -9999 -9999 -9999 1 0 0 0 0 0 0 0 0 0 0 0 0 0 3 2 12 20 14 16 15 23 24 15 22 15 14 16 26 22 24 24 24 24 24 26 21 19 19 19 19 16 23 20 20 -9999 -9999 -9999 -9999 -9999 -9999 -9999 -9999 -9999 -9999 -9999 -9999 -9999 -9999 -9999 -9999 -9999 -9999 -9999 -9999 -9999 -9999 -9999 -9999 -9999 -9999 -9999 -9999 -9999 -9999 -9999 -9999 -9999 -9999 -9999
-9999 -9999 -9999 -9999 -9999 -9999 2 1 1 0 0 0 0 0 0 0 0 0 0 0 0 0 3 7 8 16 12 17 21 21 21 19 21 15 8 15 22 26 25 25 24 26 26 25 21 20 19 20 19 17 22 22 20 -9999 -9999 -9999 -9999 -9999 -9999 -9999 -9999 -9999 -9999 -9999 -9999 -9999 -9999 -9999 -9999 -9999 -9999 -9999 -9999 -9999 -9999 -9999 -9999 -9999 -9999 -9999 -9999 -9999 -9999 -9999 -9999 -9999 -9999
-9999 -9999 -9999 -9999 -9999 12 6 2 1 0 0 0 0 0 0 0 0 0 0 0 0 0 0 4 8 8 16 15 16 15 16 22 22 19 18 21 23 21 19 25 26 25 23 24 21 23 20 23 18 19 18 22 22 20 -9999 -9999 -9999 -9999 -9999 -9999 -9999 -9999 -9999 -9999 -9999 -9999 -9999 -9999 -9999 -9999 -9999 -9999 -9999 -9999 -9999 -9999 -9999 -9999 -9999 -9999 -9999 -9999 -9999 -9999 -9999 -9999 -9999
-9999 -9999 -9999 -9999 23 21 12 3 2 2 0 0 0 0 0 0 0 0 0 0 0 0 0 0 2 2 13 16 19 17 24 20 26 26 30 26 20 17 21 18 26 26 25 25 22 20 24 20 20 21 16 22 25 21 23 23 -9999 -9999 -9999 -9999 -9999 -9999 -9999 -9999 -9999 -9999 -9999 -9999 -9999 -9999 -9999 -9999 -9999 -9999 -9999 -9999 -9999 -9999 -9999 -9999 -9999 -9999 -9999 -9999 -9999 -9999 -9999
-9999 -9999 -9999 26 26 28 19 15 3 1 1 3 0 0 0 0 0 0 0 0 0 0 0 0 0 5 13 17 20 18 27 25 29 23 23 23 19 14 17 17 19 25 21 25 26 21 19 23 17 24 19 20 25 21 23 24 23 -9999 -9999 -9999 -9999 -9999 -9999 -9999 -9999 -9999 -9999 -9999 -9999 -9999 -9999 -9999 -9999 -9999 -9999 -9999 -9999 -9999 -9999 -9999 -9999 -9999 -9999 -9999 -9999 -9999 -9999
-9999 -9999 -9999 17 20 28 18 18 10 19 12 12 10 7 0 0 0 0 0 0 0 0 0 0 9 15 19 18 15 23 22 22 22 13 19 20 19 19 15 18 18 21 24 26 24 24 21 19 23 21 17 18 23 18 21 21 23 25 -9999 -9999 -9999 -9999 -9999 -9999 -9999 -9999 -9999 -9999 -9999 -9999 -9999 -9999 -9999 -9999 -9999 -9999 -9999 -9999 -9999 -9999 -9999 -9999 -9999 -9999 -9999 -9999 -9999
-9999 -9999 -9999 11 20 24 27 24 19 19 18 16 14 12 16 17 0 0 0 0 0 0 2 9 10 17 16 19 21 19 18 20 17 19 15 19 16 13 15 12 12 20 19 19 25 21 23 22 25 21 22 25 20 22 19 21 23 25 25 -9999 -9999 -9999 -9999 -9999 -9999 -9999 -9999 -9999 -9999 -9999 -9999 -9999 -9999 -9999 -9999 -9999 -9999 -9999 -9999 -9999 -9999 -9999 -9999 -9999 -9999 -9999 -9999
-9999 16 12 -9999 16 20 25 25 22 16 16 16 21 19 27 17 17 18 20 10 10 17 18 16 19 17 20 22 19 17 18 14 21 18 14 17 19 14 18 13 18 12 14 19 19 25 25 24 25 24 21 26 19 19 20 20 18 24 23 20 -9999 -9999 -9999 -9999 -9999 -9999 -9999 -9999 -9999 -9999 -9999 -9999 -9999 -9999 -9999 -9999 -9999 -9999 -9999 -9999 -9999 -9999 -9999 -9999 -9999 -9999 -9999
-9999 25 15 20 20 -9999 20 15 18 15 12 15 19 20 25 28 19 23 23 23 13 17 18 21 16 20 18 14 12 6 20 16 15 14 18 18 17 16 14 14 18 16 12 15 19 20 20 26 26 23 23 23 19 19 24 19 25 22 18 19 16 -9999 -9999 -9999 -9999 -9999 -9999 -9999 -9999 -9999 -9999 -9999 -9999 -9999 -9999 -9999 -9999 -9999 -9999 -9999 -9999 -9999 -9999 -9999 -9999 -9999 -9999
23 17 21 23 20 22 17 -9999 13 15 15 17 28 23 27 23 23 27 22 26 24 23 20 23 20 17 18 -9999 14 9 3 28 18 16 16 18 15 17 19 19 23 22 14 18 21 20 22 21 22 24 22 20 21 21 22 24 20 19 21 19 19 19 -9999 -9999 -9999 -9999 -9999 -9999 -9999 -9999 -9999 -9999 -9999 -9999 -9999 -9999 -9999 -9999 -9999 -9999 -9999 -9999 -9999 -9999 -9999 -9999 -9999
21 21 21 19 21 22 21 17 20 -9999 -9999 13 15 13 15 17 21 20 22 16 19 21 17 20 14 -9999 16 22 19 -9999 16 25 22 18 20 14 11 23 22 22 25 24 20 24 23 17 17 16 21 22 22 22 21 19 20 21 19 19 21 22 20 17 17 -9999 -9999 -9999 -9999 -9999 -9999 -9999 -9999 -9999 -9999 -9999 -9999 -9999 -9999 -9999 -9999 -9999 -9999 -9999 -9999 -9999 -9999 -9999 -9999
19 22 17 21 20 30 29 26 17 21 15 17 -9999 -9999 -9999 18 13 20 11 16 17 15 16 16 -9999 18 17 16 19 20 20 -9999 12 26 23 22 13 18 18 19 22 23 19 22 22 21 16 17 17 18 22 20 21 19 21 22 26 18 18 19 19 18 21 22 -9999 -9999 -9999 -9999 -9999 -9999 -9999 -9999 -9999 -9999 -9999 -9999 -9999 -9999 -9999 -9999 -9999 -9999 -9999 -9999 -9999 -9999 -9999
-9999 21 22 21 20 23 28 28 19 20 24 24 17 22 14 19 13 -9999 -9999 -9999 17 17 17 -9999 15 14 14 15 15 18 17 19 20 -9999 -9999 14 8 7 5 15 18 21 22 19 20 23 22 20 18 20 21 18 19 23 21 20 21 21 22 21 20 18 17 23 22 -9999 -9999 -9999 -9999 -9999 -9999 -9999 -9999 -9999 -9999 -9999 -9999 -9999 -9999 -9999 -9999 -9999 -9999 -9999 -9999 -9999 -9999
-9999 23 21 21 17 18 22 26 27 27 23 19 24 20 22 19 14 5 16 16 19 17 15 17 22 19 20 23 23 16 14 15 20 7 16 -9999 -9999 16 4 12 17 22 19 23 18 24 25 19 18 17 20 20 20 17 19 15 19 21 22 19 20 16 23 24 23 24 -9999 -9999 -9999 -9999 -9999 -9999 -9999 -9999 -9999 -9999 -9999 -9999 -9999 -9999 -9999 -9999 -9999 -9999 -9999 -9999 -9999
-9999 22 24 20 19 15 23 20 23 24 26 21 21 23 22 25 18 10 16 17 22 25 25 25 22 19 14 14 19 21 24 16 9 8 9 10 15 12 -9999 -9999 19 22 14 19 23 24 23 22 18 16 16 16 20 21 12 22 11 22 23 16 15 22 21 20 23 23 18 -9999 -9999 -9999 -9999 -9999 -9999 -9999 -9999 -9999 -9999 -9999 -9999 -9999 -9999 -9999 -9999 -9999 -9999 -9999 -9999
-9999 -9999 23 24 24 23 21 21 22 21 20 20 21 22 21 20 15 5 15 11 26 26 25 26 23 22 19 16 17 21 16 15 6 3 2 2 8 8 4 7 18 12 14 21 22 22 25 20 16 14 17 16 18 17 23 13 18 20 21 23 22 22 21 21 20 12 12 17 -9999 -9999 -9999 -9999 -9999 -9999 -9999 -9999 -9999 -9999 -9999 -9999 -9999 -9999 -9999 -9999 -9999 -9999 -9999
-9999 -9999 -9999 22 21 21 20 22 22 21 22 21 21 22 22 22 18 10 20 23 22 26 26 25 26 25 22 22 19 19 13 12 4 4 3 5 3 11 3 7 4 4 14 17 16 23 22 20 19 17 13 18 19 19 12 20 25 23 21 20 22 23 21 24 17 21 12 16 16 -9999 -9999 -9999 -9999 -9999 -9999 -9999 -9999 -9999 -9999 -9999 -9999 -9999 -9999 -9999 -9999 -9999 -9999
-9999 -9999 -9999 26 26 20 20 22 21 22 20 19 21 22 20 22 23 16 11 15 19 19 26 26 26 26 25 22 17 17 19 8 7 5 4 4 4 3 1 8 9 5 7 18 16 23 24 21 21 19 19 23 23 22 19 22 20 21 25 22 23 22 19 19 21 16 17 15 19 18 -9999 -9999 -9999 -9999 -9999 -9999 -9999 -9999 -9999 -9999 -9999 -9999 -9999 -9999 -9999 -9999 -9999
-9999 -9999 -9999 -9999 26 18 19 21 25 25 21 21 20 24 25 23 22 15 7 11 21 25 26 26 24 25 27 25 19 16 16 17 14 6 6 5 3 0 1 0 3 1 10 9 24 17 20 22 22 21 25 25 26 24 20 19 23 26 19 16 17 20 13 10 19 25 23 22 21 21 22 -9999 -9999 -9999 -9999 -9999 -9999 -9999 -9999 -9999 -9999 -9999 -9999 -9999 -9999 -9999 -9999
-9999 -9999 -9999 -9999 -9999 24 20 28 26 29 30 30 26 24 27 24 23 22 20 14 14 23 25 24 24 25 25 27 24 22 17 14 18 14 6 2 2 1 1 1 2 4 2 7 4 13 20 22 21 25 26 26 26 26 24 23 22 20 17 15 19 17 10 20 15 19 19 24 21 20 20 24 -9999 -9999 -9999 -9999 -9999 -9999 -9999 -9999 -9999 -9999 -9999 -9999 -9999 -9999 -9999
-9999 -9999 -9999 -9999 -9999 -9999 24 21 25 28 29 30 29 23 25 25 24 22 13 19 20 18 22 24 26 26 24 25 25 25 25 23 23 14 13 3 2 0 3 1 1 4 3 5 1 5 7 12 18 22 23 23 27 25 21 23 22 22 23 15 17 14 15 19 17 20 25 19 24 22 23 25 21 -9999 -9999 -9999 -9999 -9999 -9999 -9999 -9999 -9999 -9999 -9999 -9999 -9999 -9999
-9999 -9999 -9999 -9999 -9999 -9999 -9999 19 19 23 26 26 24 24 22 22 22 20 17 15 20 19 21 16 24 25 24 25 25 26 25 23 21 17 13 3 3 1 1 1 1 4 4 2 3 0 2 6 15 19 23 23 24 23 22 22 23 24 21 22 18 14 12 11 14 22 15 20 19 17 17 18 15 21 -9999 -9999 -9999 -9999 -9999 -9999 -9999 -9999 -9999 -9999 -9999 -9999 -9999
-9999 -9999 -9999 -9999 -9999 -9999 -9999 -9999 25 20 23 25 23 23 21 21 23 19 22 19 10 18 24 22 15 23 26 27 25 25 27 23 24 12 10 9 3 0 0 2 2 3 4 4 3 3 0 1 7 20 25 23 27 25 23 23 27 27 27 27 22 21 24 21 21 18 17 15 24 16 14 21 16 22 23 -9999 -9999 -9999 -9999 -9999 -9999 -9999 -9999 -9999 -9999 -9999 -9999
-9999 -9999 -9999 -9999 -9999 -9999 -9999 -9999 -9999 19 23 25 23 22 23 20 24 22 19 23 22 16 15 19 19 20 26 26 24 23 25 24 25 22 17 17 3 1 1 2 2 2 7 3 4 3 0 1 11 21 23 24 22 27 23 23 26 27 23 23 27 23 21 21 23 23 12 23 17 19 18 18 19 23 23 19 -9999 -9999 -9999 -9999 -9999 -9999 -9999 -9999 -9999 -9999 -9999
-9999 -9999 -9999 -9999 -9999 -9999 -9999 -9999 -9999 19 26 25 23 22 20 21 19 22 24 20 26 23 17 15 17 16 20 28 28 29 24 25 26 20 23 11 6 2 2 2 3 3 4 9 4 1 0 4 19 22 27 25 27 23 25 27 27 27 25 23 25 27 22 23 24 23 12 23 17 18 18 17 17 23 21 22 -9999 -9999 -9999 -9999 -9999 -9999 -9999 -9999 -9999 -9999 -9999
-9999 -9999 -9999 -9999 -9999 -9999 -9999 -9999 -9999 -9999 24 25 21 20 20 19 20 20 24 20 26 26 25 18 15 16 22 19 29 32 29 30 28 29 19 16 12 1 3 2 3 0 0 0 0 0 0 5 20 26 25 28 29 29 23 25 27 27 27 27 27 27 26 21 22 23 12 16 14 9 9 17 15 23 22 19 19 -9999 -9999 -9999 -9999 -9999 -9999 -9999 -9999 -9999 -9999
-9999 -9999 -9999 -9999 -9999 -9999 -9999 -9999 -9999 -9999 -9999 27 25 23 25 23 20 20 23 22 22 28 29 24 17 16 16 20 22 29 29 28 28 27 23 20 9 4 7 3 0 0 0 0 0 0 0 14 26 29 29 27 28 30 30 22 25 27 26 26 27 25 27 25 25 22 25 23 14 13 17 9 16 17 18 18 16 19 -9999 -9999 -9999 -9999 -9999 -9999 -9999 -9999 -9999
-9999 -9999 -9999 -9999 -9999 -9999 -9999 -9999 -9999 -9999 -9999 -9999 28 25 28 31 26 20 19 24 26 23 28 27 27 26 18 19 16 24 29 29 27 28 27 21 23 14 4 5 0 0 0 0 0 0 7 14 25 29 25 25 25 28 25 25 22 26 26 26 26 25 26 27 26 24 24 11 16 14 17 10 16 15 16 15 15 18 -9999 -9999 -9999 -9999 -9999 -9999 -9999 -9999 -9999
-9999 -9999 -9999 -9999 -9999 -9999 -9999 -9999 -9999 -9999 -9999 -9999 -9999 28 30 28 31 22 23 18 19 24 29 30 30 28 23 18 15 18 29 30 30 28 29 28 26 22 14 13 0 0 0 0 0 0 11 23 30 29 29 31 31 25 24 24 26 22 25 25 25 27 27 27 25 27 26 23 18 15 10 13 9 17 16 17 16 23 22 -9999 -9999 -9999 -9999 -9999 -9999 -9999 -9999
-9999 -9999 -9999 -9999 -9999 -9999 -9999 -9999 -9999 -9999 -9999 -9999 -9999 -9999 29 29 26 29 23 20 21 25 24 30 28 28 27 21 20 18 27 29 28 27 27 29 29 27 23 20 12 5 0 0 0 0 9 25 29 31 29 31 29 31 30 30 31 29 28 24 26 27 27 27 25 26 27 22 22 13 15 9 9 17 14 20 19 18 20 -9999 -9999 -9999 -9999 -9999 -9999 -9999 -9999
-9999 -9999 -9999 -9999 -9999 -9999 -9999 -9999 -9999 -9999 -9999 -9999 -9999 -9999 28 27 30 25 23 23 22 23 22 23 25 24 28 20 18 17 13 21 26 27 27 30 28 32 30 28 20 15 2 0 0 0 6 26 29 29 29 29 29 29 29 29 29 29 28 28 25 30 30 28 26 26 26 23 20 13 19 9 10 9 17 17 17 19 21 22 -9999 -9999 -9999 -9999 -9999 -9999 -9999
-9999 -9999 -9999 -9999 -9999 -9999 -9999 -9999 -9999 -9999 -9999 -9999 -9999 -9999 -9999 28 26 27 12 6 15 18 21 23 27 28 25 26 23 20 14 12 22 18 19 21 20 27 28 28 28 25 13 0 0 0 0 18 31 28 28 29 28 27 27 27 28 27 27 27 31 28 28 29 29 30 29 28 30 20 23 16 11 9 13 18 17 17 18 21 -9999 -9999 -9999 -9999 -9999 -9999 -9999
-9999 -9999 -9999 -9999 -9999 -9999 -9999 -9999 -9999 -9999 -9999 -9999 -9999 -9999 -9999 -9999 24 15 5 2 4 15 18 22 19 24 25 26 29 20 18 14 18 15 14 13 17 18 21 28 32 30 17 8 0 0 0 13 29 26 27 29 28 27 27 27 27 27 27 27 29 31 27 27 29 29 28 27 27 27 24 18 16 18 16 21 19 16 19 21 22 -9999 -9999 -9999 -9999 -9999 -9999
-9999 -9999 -9999 -9999 -9999 -9999 -9999 -9999 -9999 -9999 -9999 -9999 -9999 -9999 -9999 -9999 -9999 2 2 1 0 3 8 12 19 22 24 33 30 28 30 19 18 13 17 2 3 9 18 27 32 30 27 14 0 0 0 11 26 26 26 28 25 25 26 27 27 27 29 28 26 31 31 32 28 26 31 29 29 28 28 21 21 22 16 14 12 10 16 15 16 19 -9999 -9999 -9999 -9999 -9999
