2/sve_2_TWI_16m.asc
NCOLS         139
NROWS         162
XLLCORNER     572256.0
YLLCORNER     7071344.0
CELLSIZE      16.0
NODATA_VALUE  -9999
[rows 93 to 123 of 162, columns 69 to 137 of 139]
11.029816 10.546517 10.1158495 10.233054 10.435774 11.207935 10.654504 11.152985 13.761114 12.665998 6.8961954 6.5133862 9.959243 8.1106825 7.7642484 8.126538 8.1372175 7.9077096 7.688052 7.6592493 7.3554482 6.827052 6.157599 7.046306 -9999 -9999 -9999 -9999 -9999 -9999 -9999 -9999 -9999 -9999 -9999 -9999 -9999 -9999 -9999 -9999 -9999 -9999 -9999 -9999 -9999 -9999 -9999 -9999 -9999 -9999 -9999 -9999 -9999 -9999 -9999 -9999 -9999 -9999 -9999 -9999 -9999 -9999 -9999 -9999 -9999 -9999 -9999 -9999 -9999
9.879528 10.82341 10.531465 10.316283 11.28987 9.79646 11.128004 10.836912 12.191828 14.008723 7.236985 9.253781 9.250065 8.153246 6.7600164 8.6115055 7.9226637 8.051181 8.105204 8.211679 7.774955 7.0617237 7.1745634 5.7262435 6.068425 -9999 -9999 -9999 -9999 -9999 -9999 -9999 -9999 -9999 -9999 -9999 -9999 -9999 -9999 -9999 -9999 -9999 -9999 -9999 -9999 -9999 -9999 -9999 -9999 -9999 -9999 -9999 -9999 -9999 -9999 -9999 -9999 -9999 -9999 -9999 -9999 -9999 -9999 -9999 -9999 -9999 -9999 -9999 -9999
11.34716 11.0419235 11.290195 11.171628 10.33181 11.474728 10.059148 10.204586 10.153977 12.815284 13.867264 9.533045 9.122312 7.8519998 7.6710024 8.293836 8.046455 6.9996533 8.281569 8.737497 8.296387 7.76902 7.0430145 6.191823 6.3046894 6.383867 -9999 -9999 -9999 -9999 -9999 -9999 -9999 -9999 -9999 -9999 -9999 -9999 -9999 -9999 -9999 -9999 -9999 -9999 -9999 -9999 -9999 -9999 -9999 -9999 -9999 -9999 -9999 -9999 -9999 -9999 -9999 -9999 -9999 -9999 -9999 -9999 -9999 -9999 -9999 -9999 -9999 -9999 -9999
10.211278 11.062695 11.277562 11.365955 11.6606455 10.29276 11.367053 9.799467 9.461957 9.040839 12.929633 13.777458 9.983343 8.065976 8.415237 7.990061 7.2506256 7.96981 6.2092047 9.038986 8.915441 8.422852 7.357146 6.339257 6.5224953 6.488712 6.5238934 -9999 -9999 -9999 -9999 -9999 -9999 -9999 -9999 -9999 -9999 -9999 -9999 -9999 -9999 -9999 -9999 -9999 -9999 -9999 -9999 -9999 -9999 -9999 -9999 -9999 -9999 -9999 -9999 -9999 -9999 -9999 -9999 -9999 -9999 -9999 -9999 -9999 -9999 -9999 -9999 -9999 -9999
9.45842 10.200126 10.894839 11.436117 11.648693 11.990672 10.037155 11.254684 10.575143 9.008111 9.016762 13.119218 14.119576 8.948988 8.504717 7.8551183 7.518894 7.4383745 8.488694 7.565532 8.745256 8.821148 7.9456706 7.2465963 6.458434 6.1003866 6.123124 7.077714 6.346181 -9999 -9999 -9999 -9999 -9999 -9999 -9999 -9999 -9999 -9999 -9999 -9999 -9999 -9999 -9999 -9999 -9999 -9999 -9999 -9999 -9999 -9999 -9999 -9999 -9999 -9999 -9999 -9999 -9999 -9999 -9999 -9999 -9999 -9999 -9999 -9999 -9999 -9999 -9999 -9999
8.350452 8.767669 10.124903 10.719201 11.078973 11.420076 12.034392 10.882841 10.797261 10.553098 10.136597 9.763284 14.451584 9.404414 8.173947 8.155115 7.6003623 7.8358345 8.393869 8.148301 8.191235 8.271837 7.8666873 7.912601 6.95472 6.101367 6.4246616 7.0041685 5.9036236 6.3413005 -9999 -9999 -9999 -9999 -9999 -9999 -9999 -9999 -9999 -9999 -9999 -9999 -9999 -9999 -9999 -9999 -9999 -9999 -9999 -9999 -9999 -9999 -9999 -9999 -9999 -9999 -9999 -9999 -9999 -9999 -9999 -9999 -9999 -9999 -9999 -9999 -9999 -9999 -9999
8.95585 8.565368 8.897329 10.033613 10.384009 10.785104 11.148181 11.908758 10.742278 10.834674 10.791856 10.646142 10.956814 14.566245 8.303609 8.197016 7.7116485 7.1802936 8.612269 8.351237 8.344899 7.7638373 6.570921 8.190521 7.4889584 6.989929 6.94251 6.9345703 6.7436 5.9416523 6.2292705 -9999 -9999 -9999 -9999 -9999 -9999 -9999 -9999 -9999 -9999 -9999 -9999 -9999 -9999 -9999 -9999 -9999 -9999 -9999 -9999 -9999 -9999 -9999 -9999 -9999 -9999 -9999 -9999 -9999 -9999 -9999 -9999 -9999 -9999 -9999 -9999 -9999 -9999
8.39045 7.7747 7.9462814 8.891406 9.969158 10.397777 10.783371 10.9640255 12.010886 11.838429 11.595601 11.141177 10.858293 14.686931 8.924725 8.300043 7.707043 8.074698 8.049069 8.6970825 8.393067 7.567591 7.722767 7.896205 7.446672 7.6178346 7.589194 6.893204 6.9739366 6.7445693 5.87464 6.2553706 -9999 -9999 -9999 -9999 -9999 -9999 -9999 -9999 -9999 -9999 -9999 -9999 -9999 -9999 -9999 -9999 -9999 -9999 -9999 -9999 -9999 -9999 -9999 -9999 -9999 -9999 -9999 -9999 -9999 -9999 -9999 -9999 -9999 -9999 -9999 -9999 -9999
7.2428546 7.367635 6.984412 7.359527 8.79672 9.689815 10.347466 10.797268 10.805558 11.622238 12.051313 12.042698 11.797789 14.436895 9.732957 9.171945 8.342282 8.2627125 8.4817095 7.5536814 8.649542 8.148627 8.239977 8.009715 7.3313966 6.996236 8.007389 7.358527 6.3053317 7.150611 6.5928736 5.826265 6.200706 -9999 -9999 -9999 -9999 -9999 -9999 -9999 -9999 -9999 -9999 -9999 -9999 -9999 -9999 -9999 -9999 -9999 -9999 -9999 -9999 -9999 -9999 -9999 -9999 -9999 -9999 -9999 -9999 -9999 -9999 -9999 -9999 -9999 -9999 -9999 -9999
6.1336064 6.6372385 6.964851 6.8807855 7.198113 8.96169 9.985416 10.712812 11.0794325 11.319179 10.858668 11.247557 11.165725 9.620797 14.76338 7.0483704 9.256585 9.319447 7.9485726 8.15111 7.987853 7.2320204 8.910016 8.223527 7.586703 6.6580276 8.179365 7.3883276 7.1822305 6.800581 7.015194 6.5019283 5.887835 6.3717294 -9999 -9999 -9999 -9999 -9999 -9999 -9999 -9999 -9999 -9999 -9999 -9999 -9999 -9999 -9999 -9999 -9999 -9999 -9999 -9999 -9999 -9999 -9999 -9999 -9999 -9999 -9999 -9999 -9999 -9999 -9999 -9999 -9999 -9999 -9999
7.7730813 6.95898 7.0804644 6.902028 6.9016986 7.6659284 9.374349 10.012924 10.589535 10.782536 11.651182 11.585125 11.050544 10.6837015 7.929886 14.729992 14.619718 9.868886 8.906632 7.7557135 6.8080316 8.1756 7.8003273 8.328141 8.071944 7.1356225 8.520704 7.8764706 7.4226265 7.17443 6.630343 7.0247207 6.4845963 5.9252925 6.330161 -9999 -9999 -9999 -9999 -9999 -9999 -9999 -9999 -9999 -9999 -9999 -9999 -9999 -9999 -9999 -9999 -9999 -9999 -9999 -9999 -9999 -9999 -9999 -9999 -9999 -9999 -9999 -9999 -9999 -9999 -9999 -9999 -9999 -9999
7.2717853 8.282993 6.798077 6.529745 7.2485294 8.100666 8.923346 9.574932 9.953943 10.519651 10.571304 11.305184 11.539014 11.201314 11.377952 6.773415 7.998828 14.905849 14.889212 7.0653386 8.15764 6.9645386 7.320281 8.065795 8.195459 8.1591015 8.863587 8.31095 7.8343205 7.174317 7.099407 6.297851 6.8968916 6.4197106 5.847778 6.2259083 -9999 -9999 -9999 -9999 -9999 -9999 -9999 -9999 -9999 -9999 -9999 -9999 -9999 -9999 -9999 -9999 -9999 -9999 -9999 -9999 -9999 -9999 -9999 -9999 -9999 -9999 -9999 -9999 -9999 -9999 -9999 -9999 -9999
6.3533297 7.216652 8.580114 8.136837 8.399383 8.528978 8.163697 9.082361 9.736626 9.5133505 9.621671 9.568827 9.904289 10.800827 10.746896 9.990269 10.3460455 10.299113 10.214707 14.714977 7.1339645 6.947946 7.6119533 8.050397 8.270148 8.834378 8.793699 8.346936 8.378102 7.6522317 7.1702275 6.7862463 6.770359 6.6105103 6.2760124 5.996836 6.322078 6.755893 -9999 -9999 -9999 -9999 -9999 -9999 -9999 -9999 -9999 -9999 -9999 -9999 -9999 -9999 -9999 -9999 -9999 -9999 -9999 -9999 -9999 -9999 -9999 -9999 -9999 -9999 -9999 -9999 -9999 -9999 -9999
7.137585 7.547267 8.17648 8.605342 8.594495 8.957816 9.347952 9.407309 9.621863 10.074927 10.358459 10.282984 9.731097 9.595793 10.3891735 11.011934 10.74459 9.083223 8.681584 9.0622835 14.513995 7.576636 8.1221075 7.919576 8.419062 8.84532 8.94477 7.985332 8.7021 8.409179 7.7603016 7.162548 6.906895 6.6756845 6.350548 6.4171696 5.757213 6.2587495 7.4619894 -9999 -9999 -9999 -9999 -9999 -9999 -9999 -9999 -9999 -9999 -9999 -9999 -9999 -9999 -9999 -9999 -9999 -9999 -9999 -9999 -9999 -9999 -9999 -9999 -9999 -9999 -9999 -9999 -9999 -9999
6.618675 7.0491805 8.239804 8.349219 9.03294 9.536721 9.867968 9.566337 9.931963 9.774349 9.517518 8.994222 9.189858 9.362324 9.66872 10.328521 9.895043 8.86544 6.84976 7.2927337 8.185301 14.522923 7.7180457 7.5794463 8.275399 8.681987 8.6091795 7.838327 8.752739 8.926094 8.553816 7.7220736 7.177973 6.706475 6.5595145 6.4238615 6.2613087 5.774704 6.2977295 8.173571 -9999 -9999 -9999 -9999 -9999 -9999 -9999 -9999 -9999 -9999 -9999 -9999 -9999 -9999 -9999 -9999 -9999 -9999 -9999 -9999 -9999 -9999 -9999 -9999 -9999 -9999 -9999 -9999 -9999
7.508507 8.006403 6.2087164 6.699769 7.60206 8.818156 9.62861 10.283504 10.466012 10.859079 9.910455 9.602483 9.456358 9.803961 10.13795 10.236704 10.065314 9.901828 8.043378 6.998835 6.270318 7.313737 14.3321705 7.8684783 8.019085 8.456801 7.345476 7.1060243 8.596693 9.285387 8.928537 8.477161 7.550551 7.04043 6.831438 6.4639506 6.379792 6.2141075 5.74445 6.242958 8.26551 -9999 -9999 -9999 -9999 -9999 -9999 -9999 -9999 -9999 -9999 -9999 -9999 -9999 -9999 -9999 -9999 -9999 -9999 -9999 -9999 -9999 -9999 -9999 -9999 -9999 -9999 -9999 -9999
7.23756 7.325214 6.618017 6.0520563 6.8804383 7.6854157 8.30103 8.963031 9.438469 9.260937 10.388088 10.131866 10.318621 10.733647 10.798178 10.670784 10.73968 10.82512 10.979136 6.8106666 6.500572 8.404241 8.286954 14.385257 8.084032 7.6937265 7.2717648 7.6053314 8.231492 9.493183 8.799383 8.953774 8.296232 7.176054 7.3929906 7.137119 6.394531 6.3018575 6.2660213 7.307312 6.1407857 6.7379146 -9999 -9999 -9999 -9999 -9999 -9999 -9999 -9999 -9999 -9999 -9999 -9999 -9999 -9999 -9999 -9999 -9999 -9999 -9999 -9999 -9999 -9999 -9999 -9999 -9999 -9999 -9999
6.0684495 7.450802 7.4431047 6.5122094 6.125186 6.726336 7.365721 8.204379 8.525576 9.216768 9.626225 9.187788 9.370023 9.87977 9.900393 10.37343 10.714681 10.980348 10.47176 11.227023 9.128155 7.728943 9.553634 14.835283 7.920986 7.6967683 7.607002 8.061503 8.756091 8.674557 8.931787 8.711077 8.703771 7.8835435 8.037535 8.181807 7.0209875 6.7284904 7.2730107 6.21719 6.3492923 6.05457 6.640292 -9999 -9999 -9999 -9999 -9999 -9999 -9999 -9999 -9999 -9999 -9999 -9999 -9999 -9999 -9999 -9999 -9999 -9999 -9999 -9999 -9999 -9999 -9999 -9999 -9999 -9999
7.2573557 8.086588 8.219496 7.2288213 7.2389627 6.075376 6.8973756 7.11152 6.823382 7.3003836 8.526195 9.711018 9.789124 9.913079 9.817544 9.237849 9.509858 9.116092 10.048916 10.272941 11.347284 10.498303 9.173158 9.153563 14.979947 8.824016 8.014089 8.205717 8.540467 8.323797 8.388465 8.973909 8.855134 8.42034 8.72226 9.416306 9.106927 8.425702 7.16888 6.6883903 6.2285905 6.333058 6.073328 6.6721506 -9999 -9999 -9999 -9999 -9999 -9999 -9999 -9999 -9999 -9999 -9999 -9999 -9999 -9999 -9999 -9999 -9999 -9999 -9999 -9999 -9999 -9999 -9999 -9999 -9999
9.641621 7.7450953 9.072334 8.788208 6.9119186 7.3337784 6.3132825 6.9045863 6.3637576 6.724374 7.6075144 8.150789 8.63658 9.11663 8.276323 7.9711065 8.669737 9.734645 9.152179 9.6615 10.336889 11.103728 9.992032 8.454957 9.160893 14.903165 8.2743 8.520319 8.10003 7.9008775 7.015468 9.488817 9.460149 8.608353 8.759069 7.7671127 7.09786 7.994771 7.782999 7.196153 6.704857 6.270662 6.299414 6.105053 6.3126454 6.4659157 -9999 -9999 -9999 -9999 -9999 -9999 -9999 -9999 -9999 -9999 -9999 -9999 -9999 -9999 -9999 -9999 -9999 -9999 -9999 -9999 -9999 -9999 -9999
10.655271 10.6998415 8.676988 8.940172 8.9102955 6.857866 7.401848 6.686429 6.8924165 6.9303994 6.27383 7.522001 8.257762 9.04372 7.433645 7.222795 7.60487 8.629862 9.283294 6.9153347 7.638744 9.499917 10.534941 9.746147 7.874996 8.061946 15.198594 9.183485 8.031684 7.137531 8.939049 9.7365675 9.105773 8.337537 7.4791245 7.054889 8.247048 7.912333 7.452538 7.606235 6.9131274 6.5689244 6.5188127 6.1191697 6.2503557 6.0795956 7.1502438 -9999 -9999 -9999 -9999 -9999 -9999 -9999 -9999 -9999 -9999 -9999 -9999 -9999 -9999 -9999 -9999 -9999 -9999 -9999 -9999 -9999 -9999
8.122706 9.965451 11.492128 8.925732 9.30593 8.880538 6.8757305 7.347334 6.6794276 7.149415 7.2927184 6.8358316 7.5150347 8.482575 9.169144 7.133456 6.7636204 7.074005 9.141229 7.126824 6.625855 7.074484 9.338844 10.020487 9.089181 8.4499855 14.560026 8.101177 9.155548 8.778599 9.650581 9.020445 6.867171 6.702353 6.9066043 7.903937 8.191402 8.373362 7.8373027 7.0528655 6.9207892 7.040088 6.77638 6.6719136 6.6292405 5.941176 6.1792784 7.607169 -9999 -9999 -9999 -9999 -9999 -9999 -9999 -9999 -9999 -9999 -9999 -9999 -9999 -9999 -9999 -9999 -9999 -9999 -9999 -9999 -9999
6.4883924 6.730662 8.351388 11.343305 11.940123 11.66362 9.653966 7.7845287 7.4447494 6.469054 6.9226723 7.2923493 8.819298 9.722596 9.632582 9.005459 6.838426 6.5746512 7.1495194 9.321544 7.6203914 7.150742 7.65185 9.594319 10.119357 9.84591 6.46143 14.556395 10.764602 9.865792 8.603413 7.049412 6.760295 6.797895 7.8464465 8.292882 8.468841 7.7956033 7.0849333 6.9438114 6.996779 7.4385796 6.8570943 6.8835707 6.74085 6.2303042 7.4685364 6.322705 6.507341 -9999 -9999 -9999 -9999 -9999 -9999 -9999 -9999 -9999 -9999 -9999 -9999 -9999 -9999 -9999 -9999 -9999 -9999 -9999 -9999
5.6799417 6.470097 6.196285 8.006385 8.72511 11.508706 12.576525 11.181705 7.953707 6.991361 6.147906 9.919493 10.707492 11.38532 11.837265 11.953628 11.159688 8.956439 7.6612988 7.8581233 9.177353 8.391549 8.303984 8.788834 9.152752 9.1044855 7.183153 14.587742 6.917994 10.615152 7.6160913 7.321587 7.3331623 7.689185 8.139577 8.058759 8.119039 7.0404863 6.833667 6.743588 7.5994163 7.820218 6.921202 7.0267367 6.8301125 7.3631725 6.592369 6.8351145 6.3662453 6.5296855 -9999 -9999 -9999 -9999 -9999 -9999 -9999 -9999 -9999 -9999 -9999 -9999 -9999 -9999 -9999 -9999 -9999 -9999 -9999
5.042723 5.3816886 6.3886113 6.7338977 7.982297 8.598541 9.858472 12.237256 12.749153 11.886517 10.882526 10.496663 9.699354 9.360644 9.438528 9.699394 11.439049 11.862111 11.797506 10.894298 9.517931 9.301359 8.563943 8.3667965 8.998208 9.270428 9.371072 6.3829923 14.880788 15.166424 7.576036 7.4965744 7.240802 7.973743 7.685067 7.723447 7.971542 6.8751025 6.6070127 6.806959 8.198495 8.339173 7.374286 7.168869 7.6130323 6.843251 6.787568 6.653193 6.842873 6.4243736 6.767923 -9999 -9999 -9999 -9999 -9999 -9999 -9999 -9999 -9999 -9999 -9999 -9999 -9999 -9999 -9999 -9999 -9999 -9999
4.8571963 4.969281 5.194017 6.24888 6.850225 7.81316 8.2284355 8.651053 9.442185 11.775641 11.865912 9.408609 7.485037 7.2690253 8.345534 8.625633 9.017183 10.266262 10.849413 11.921719 12.129247 10.961448 10.358717 9.919495 9.602048 9.8146105 9.735269 9.241666 7.5430856 6.6414495 14.48639 7.9492736 7.9135156 7.4126706 7.37133 7.885881 7.8339047 7.0287333 6.980102 7.9727 8.336001 8.087867 7.6580644 8.001722 7.346514 7.210072 6.8838935 6.906035 6.6353226 7.076594 6.926176 6.362359 -9999 -9999 -9999 -9999 -9999 -9999 -9999 -9999 -9999 -9999 -9999 -9999 -9999 -9999 -9999 -9999 -9999
5.7961197 4.848271 4.9267607 5.1089892 6.215036 6.9954214 7.540522 8.448641 9.050579 9.744705 10.413068 8.305291 6.7436204 8.23386 7.4285884 7.5593314 7.905771 8.074775 8.488448 8.731097 10.007086 11.404768 10.213082 10.35358 10.448827 9.693989 9.375461 9.36456 8.4594555 6.505513 14.441803 8.289534 7.9523325 7.5222774 7.538485 7.9699416 7.797197 7.11544 7.847793 8.712029 8.166282 7.4165535 8.338135 7.6230664 7.3427477 7.2692237 7.2822843 6.8790874 7.088352 6.8486204 6.739479 6.659444 6.4863944 -9999 -9999 -9999 -9999 -9999 -9999 -9999 -9999 -9999 -9999 -9999 -9999 -9999 -9999 -9999 -9999
-9999 6.059786 4.8301144 4.885736 5.009137 6.4346642 7.3584824 7.9428253 8.489239 9.449568 8.556703 7.9588995 9.418979 6.7344327 6.4371467 6.612643 7.109715 7.4259276 7.5035944 7.7445784 8.060686 9.491885 11.460633 11.661857 11.263586 10.807261 10.00519 8.1122675 9.131656 8.947292 14.370537 8.080648 7.37176 7.5795164 7.926679 7.7987175 8.084629 7.4345603 8.622027 9.07182 8.253529 8.301243 7.635353 7.561839 7.791999 7.1310077 6.783678 7.4861755 6.987849 6.9178405 6.5631084 6.8245883 6.895663 6.7810593 -9999 -9999 -9999 -9999 -9999 -9999 -9999 -9999 -9999 -9999 -9999 -9999 -9999 -9999 -9999
-9999 7.5188627 6.1098843 4.789466 4.869087 4.804441 5.527903 6.8180823 8.519518 8.950451 9.248783 10.065161 7.967277 7.1837406 6.3196416 5.8937273 6.208554 6.7062273 6.790361 7.2633514 7.5026164 8.054387 7.7220964 9.409092 11.011258 11.629524 11.746231 11.681794 11.716537 12.193223 14.379743 7.5106606 7.7566442 7.953021 7.5591464 7.8192964 8.156442 8.247422 9.253148 9.0802355 8.645404 8.7271595 7.893954 7.7784586 7.401417 7.1997128 7.4710207 7.1287622 7.06113 6.69846 6.829343 6.582282 6.0846887 6.4300184 6.900837 8.646329 -9999 -9999 -9999 -9999 -9999 -9999 -9999 -9999 -9999 -9999 -9999 -9999 -9999
-9999 -9999 6.7971044 6.022205 4.752714 4.856788 5.0655766 6.1879525 7.0685062 7.6366434 -9999 -9999 -9999 -9999 -9999 -9999 6.1002383 6.447723 7.0204277 7.022908 7.15938 6.892839 7.1730437 6.6736574 6.9810467 7.1866403 7.053102 6.828141 6.7191315 11.284646 14.556593 7.8859015 7.9549713 7.1463885 7.637874 8.151025 8.185297 8.493761 9.7315445 8.816253 8.6642065 9.410736 8.540282 7.6774445 6.474179 7.166823 7.066365 7.1609755 7.289968 6.8757477 6.7266006 6.294506 6.4568806 6.6418123 7.066169 6.7785606 7.419688 8.136566 -9999 -9999 -9999 -9999 -9999 -9999 -9999 -9999 -9999 -9999 -9999
-9999 -9999 -9999 6.7793403 6.387917 4.7108703 4.9768667 4.871134 -9999 -9999 -9999 -9999 -9999 -9999 -9999 -9999 -9999 -9999 6.309335 6.745518 7.1029186 7.5653434 7.6702566 7.8434176 7.8875275 8.261895 8.399878 7.9469495 6.998184 7.729931 14.843681 7.602608 7.1384387 7.436423 7.9326057 8.463271 8.517748 8.212956 9.844361 9.07564 8.625357 9.6025305 9.299406 7.6145844 7.010049 6.7347636 7.2633185 7.567653 6.97508 6.81311 6.4989176 6.8581233 6.7352595 6.8731055 6.8439035 7.0694594 7.2068396 6.9725947 7.4102845 -9999 -9999 -9999 -9999 -9999 -9999 -9999 -9999 -9999 -9999
