2/sve_2_bm_kuusi_juuret.asc
ncols         139
nrows         162
xllcorner     572256
yllcorner     7071344
cellsize      16
NODATA_value  -9999
[rows 36 to 71 of 162, columns 0 to 80 of 139]
-9999 -9999 -9999 -9999 -9999 -9999 -9999 -9999 -9999 -9999 -9999 -9999 0 0 0 0 0 0 38 741 0 489 902 455 167 162 480 145 980 288 484 490 451 860 1264 1311 1532 425 661 194 500 392 324 502 336 -9999 -9999 -9999 -9999 -9999 -9999 -9999 -9999 -9999 -9999 -9999 -9999 -9999 -9999 -9999 -9999 -9999 -9999 -9999 -9999 -9999 -9999 -9999 -9999 -9999 -9999 -9999 -9999 -9999 -9999 -9999 -9999 -9999 -9999 -9999 -9999
-9999 -9999 -9999 -9999 -9999 -9999 -9999 -9999 -9999 -9999 -9999 0 0 0 0 0 0 0 63 150 27 150 157 572 40 388 322 160 134 135 34 216 555 1145 1713 1367 604 362 317 598 258 493 399 244 184 681 -9999 -9999 -9999 -9999 -9999 -9999 -9999 -9999 -9999 -9999 -9999 -9999 -9999 -9999 -9999 -9999 -9999 -9999 -9999 -9999 -9999 -9999 -9999 -9999 -9999 -9999 -9999 -9999 -9999 -9999 -9999 -9999 -9999 -9999 -9999
-9999 -9999 -9999 -9999 -9999 -9999 -9999 -9999 -9999 -9999 0 0 0 0 0 0 0 0 134 191 289 418 288 374 160 296 34 100 368 410 615 221 371 353 985 997 767 266 1099 929 1267 270 345 520 291 901 597 -9999 -9999 -9999 -9999 -9999 -9999 -9999 -9999 -9999 -9999 -9999 -9999 -9999 -9999 -9999 -9999 -9999 -9999 -9999 -9999 -9999 -9999 -9999 -9999 -9999 -9999 -9999 -9999 -9999 -9999 -9999 -9999 -9999 -9999
-9999 -9999 -9999 -9999 -9999 -9999 -9999 -9999 -9999 0 0 0 0 0 0 0 0 0 0 210 62 26 301 400 217 121 45 22 172 134 133 907 689 196 805 873 797 1178 1287 1627 1964 1628 576 518 462 634 940 661 -9999 -9999 -9999 -9999 -9999 -9999 -9999 -9999 -9999 -9999 -9999 -9999 -9999 -9999 -9999 -9999 -9999 -9999 -9999 -9999 -9999 -9999 -9999 -9999 -9999 -9999 -9999 -9999 -9999 -9999 -9999 -9999 -9999
-9999 -9999 -9999 -9999 -9999 -9999 -9999 -9999 -9999 0 0 0 0 0 0 0 0 0 37 0 38 105 192 349 158 150 228 256 82 146 696 754 615 381 545 1228 2092 1646 1989 2061 2018 1711 1456 1355 303 1011 1260 716 480 -9999 -9999 -9999 -9999 -9999 -9999 -9999 -9999 -9999 -9999 -9999 -9999 -9999 -9999 -9999 -9999 -9999 -9999 -9999 -9999 -9999 -9999 -9999 -9999 -9999 -9999 -9999 -9999 -9999 -9999 -9999 -9999
-9999 -9999 -9999 -9999 -9999 -9999 -9999 -9999 0 0 0 0 0 0 0 0 0 0 0 28 0 45 67 218 215 129 38 217 123 422 794 1162 1027 218 825 502 1562 1954 1969 2046 1944 1642 1977 462 516 334 806 581 523 794 -9999 -9999 -9999 -9999 -9999 -9999 -9999 -9999 -9999 -9999 -9999 -9999 -9999 -9999 -9999 -9999 -9999 -9999 -9999 -9999 -9999 -9999 -9999 -9999 -9999 -9999 -9999 -9999 -9999 -9999 -9999
-9999 -9999 -9999 -9999 -9999 -9999 -9999 0 0 0 0 0 0 0 0 0 0 0 0 0 0 0 0 242 585 167 0 504 452 461 177 818 847 917 964 607 1240 1878 1951 1913 2073 1613 1634 225 513 320 392 368 558 342 516 350 -9999 -9999 -9999 -9999 -9999 -9999 -9999 -9999 -9999 -9999 -9999 -9999 -9999 -9999 -9999 -9999 -9999 -9999 -9999 -9999 -9999 -9999 -9999 -9999 -9999 -9999 -9999 -9999 -9999
-9999 -9999 -9999 -9999 -9999 -9999 0 0 0 0 0 0 0 0 0 0 0 0 0 0 0 0 0 0 0 112 0 379 559 553 1385 280 935 1002 556 372 523 1733 1702 1970 1759 1998 1646 1583 259 232 184 409 203 196 719 403 835 -9999 -9999 -9999 -9999 -9999 -9999 -9999 -9999 -9999 -9999 -9999 -9999 -9999 -9999 -9999 -9999 -9999 -9999 -9999 -9999 -9999 -9999 -9999 -9999 -9999 -9999 -9999 -9999
-9999 -9999 -9999 -9999 -9999 317 23 0 0 0 0 0 0 0 0 0 0 0 0 0 0 0 0 0 216 0 478 0 491 43 62 960 490 368 367 491 510 860 619 1615 1863 1931 1719 1663 1367 513 167 472 236 377 281 430 600 570 -9999 -9999 -9999 -9999 -9999 -9999 -9999 -9999 -9999 -9999 -9999 -9999 -9999 -9999 -9999 -9999 -9999 -9999 -9999 -9999 -9999 -9999 -9999 -9999 -9999 -9999 -9999
-9999 -9999 -9999 -9999 348 314 229 0 0 0 0 0 0 0 0 0 0 0 0 0 0 0 0 0 0 0 276 27 382 160 1237 753 1829 1858 2517 1885 680 186 1112 558 1369 1848 1969 2017 1280 1518 501 372 337 283 481 160 954 725 529 538 -9999 -9999 -9999 -9999 -9999 -9999 -9999 -9999 -9999 -9999 -9999 -9999 -9999 -9999 -9999 -9999 -9999 -9999 -9999 -9999 -9999 -9999 -9999 -9999 -9999
-9999 -9999 -9999 1451 1002 717 553 967 91 0 0 0 0 0 0 0 0 0 0 0 0 0 0 0 0 0 109 310 190 321 1989 1534 2301 1179 899 154 269 766 895 957 708 408 1004 1463 1341 1275 1386 264 639 479 218 289 659 703 536 430 662 -9999 -9999 -9999 -9999 -9999 -9999 -9999 -9999 -9999 -9999 -9999 -9999 -9999 -9999 -9999 -9999 -9999 -9999 -9999 -9999 -9999 -9999 -9999 -9999
-9999 -9999 -9999 711 321 1120 1004 288 116 502 530 243 76 241 0 0 0 0 0 0 0 0 0 0 0 739 473 264 65 558 561 487 482 428 597 367 446 216 631 847 520 380 541 327 884 1163 1263 1080 1075 271 535 192 800 853 789 566 623 1653 -9999 -9999 -9999 -9999 -9999 -9999 -9999 -9999 -9999 -9999 -9999 -9999 -9999 -9999 -9999 -9999 -9999 -9999 -9999 -9999 -9999 -9999 -9999
-9999 -9999 -9999 73 375 1069 1619 1323 446 693 560 896 750 1028 134 99 0 0 0 0 0 0 0 0 318 36 54 676 867 196 673 558 949 811 1069 790 311 596 689 225 499 927 243 520 692 1336 852 969 1152 245 1083 1024 228 920 750 556 1287 1299 1008 -9999 -9999 -9999 -9999 -9999 -9999 -9999 -9999 -9999 -9999 -9999 -9999 -9999 -9999 -9999 -9999 -9999 -9999 -9999 -9999 -9999 -9999
-9999 299 174 -9999 445 351 577 1138 615 212 220 363 394 685 1285 119 487 548 461 24 117 1067 71 0 17 74 707 929 1328 863 731 255 205 275 342 768 467 295 537 324 666 312 471 200 406 468 715 830 752 463 532 1240 244 280 143 326 492 460 530 512 -9999 -9999 -9999 -9999 -9999 -9999 -9999 -9999 -9999 -9999 -9999 -9999 -9999 -9999 -9999 -9999 -9999 -9999 -9999 -9999 -9999
-9999 939 279 311 767 -9999 1044 821 150 553 270 328 548 169 1344 1115 130 1183 318 277 335 515 305 156 319 717 876 213 95 0 298 290 713 825 1169 1155 975 400 730 713 292 308 549 367 353 156 148 484 297 481 646 706 240 291 1031 203 1272 1089 620 355 208 -9999 -9999 -9999 -9999 -9999 -9999 -9999 -9999 -9999 -9999 -9999 -9999 -9999 -9999 -9999 -9999 -9999 -9999 -9999 -9999
498 507 310 841 1181 374 119 -9999 194 479 270 200 1291 1421 1469 774 1362 800 1410 1371 1067 777 720 703 665 123 647 -9999 176 183 95 744 789 545 484 1063 896 948 384 212 153 328 362 245 405 150 151 50 710 1255 273 184 642 877 644 1036 184 156 406 408 181 366 -9999 -9999 -9999 -9999 -9999 -9999 -9999 -9999 -9999 -9999 -9999 -9999 -9999 -9999 -9999 -9999 -9999 -9999 -9999
735 189 231 256 598 924 782 483 1261 -9999 -9999 248 208 301 732 254 1305 244 310 583 486 1112 478 142 224 -9999 854 277 598 -9999 346 1010 616 534 439 448 818 369 706 1518 1277 807 114 469 427 220 588 92 282 563 342 476 427 508 379 568 284 154 540 229 114 26 391 -9999 -9999 -9999 -9999 -9999 -9999 -9999 -9999 -9999 -9999 -9999 -9999 -9999 -9999 -9999 -9999 -9999 -9999
331 125 80 157 185 1983 2188 1037 665 615 163 578 -9999 -9999 -9999 244 64 309 35 381 313 626 558 186 -9999 408 343 538 473 222 241 -9999 221 691 479 462 117 563 321 374 537 831 307 607 675 968 678 216 265 316 371 554 590 274 561 915 1619 474 297 164 124 327 241 58 -9999 -9999 -9999 -9999 -9999 -9999 -9999 -9999 -9999 -9999 -9999 -9999 -9999 -9999 -9999 -9999 -9999
-9999 202 160 245 483 1092 1914 1830 818 934 1005 742 445 759 994 175 70 -9999 -9999 -9999 853 516 735 -9999 348 303 649 612 400 322 258 255 516 -9999 -9999 0 132 231 248 574 174 1126 355 356 344 360 814 599 373 643 438 337 387 782 687 1003 248 406 491 129 1109 586 481 58 81 -9999 -9999 -9999 -9999 -9999 -9999 -9999 -9999 -9999 -9999 -9999 -9999 -9999 -9999 -9999 -9999
-9999 956 995 199 624 485 999 819 1802 1428 1261 799 899 611 554 595 0 163 431 194 113 203 108 128 155 1090 502 803 812 481 79 137 1333 53 107 -9999 -9999 368 0 297 497 1230 414 374 349 267 300 193 450 381 450 459 237 304 365 162 138 514 502 274 592 571 148 570 164 367 -9999 -9999 -9999 -9999 -9999 -9999 -9999 -9999 -9999 -9999 -9999 -9999 -9999 -9999 -9999
-9999 554 331 168 145 345 404 250 629 620 400 619 638 877 465 462 178 65 259 407 207 943 608 747 27 358 290 249 491 637 835 327 248 418 172 324 177 283 -9999 -9999 245 276 641 414 368 745 891 834 394 63 232 172 357 653 182 139 121 270 536 726 260 290 128 314 128 1177 674 -9999 -9999 -9999 -9999 -9999 -9999 -9999 -9999 -9999 -9999 -9999 -9999 -9999 -9999
-9999 -9999 558 466 412 360 416 663 668 615 648 647 598 609 694 684 180 28 64 781 1192 1086 1171 638 931 50 229 69 99 1431 542 206 105 0 26 0 146 0 122 248 220 534 751 249 51 867 984 340 765 293 518 203 317 286 127 0 299 85 269 512 116 151 134 106 525 582 527 238 -9999 -9999 -9999 -9999 -9999 -9999 -9999 -9999 -9999 -9999 -9999 -9999 -9999
-9999 -9999 -9999 688 539 715 649 680 659 680 445 531 529 503 698 666 130 34 128 1281 298 1360 1017 584 700 1118 25 471 372 1088 397 196 0 47 39 48 0 192 126 0 41 28 370 290 368 858 610 161 697 529 527 246 26 229 0 363 290 121 341 109 128 692 1335 387 531 941 493 295 94 -9999 -9999 -9999 -9999 -9999 -9999 -9999 -9999 -9999 -9999 -9999 -9999
-9999 -9999 -9999 432 396 325 663 658 505 683 673 639 746 769 544 672 432 34 372 401 1098 115 868 617 647 989 1187 85 36 275 504 177 143 39 56 56 48 0 0 95 520 34 0 620 561 1304 1372 405 548 1031 958 277 440 212 164 618 671 421 321 490 399 1325 558 455 646 565 464 619 431 214 -9999 -9999 -9999 -9999 -9999 -9999 -9999 -9999 -9999 -9999 -9999
-9999 -9999 -9999 -9999 463 828 258 557 700 787 622 506 519 1274 1271 912 670 83 0 401 357 1253 906 976 1150 1164 962 886 341 342 540 685 333 25 0 61 33 0 0 0 0 0 197 162 552 451 548 342 453 487 917 861 1116 1264 183 149 719 601 672 287 668 459 831 436 737 931 461 339 99 184 174 -9999 -9999 -9999 -9999 -9999 -9999 -9999 -9999 -9999 -9999
-9999 -9999 -9999 -9999 -9999 626 1146 722 1046 1209 1127 910 644 884 1317 1178 1181 805 485 33 308 897 1063 1583 1606 1224 1060 2148 1210 121 545 288 579 80 126 34 33 0 0 0 0 27 0 401 44 381 261 394 124 1215 967 946 997 1062 1207 254 572 547 798 240 369 601 481 1004 491 478 595 664 259 113 111 320 -9999 -9999 -9999 -9999 -9999 -9999 -9999 -9999 -9999
-9999 -9999 -9999 -9999 -9999 -9999 1051 1164 779 1142 1222 1111 902 927 1262 1422 901 769 342 326 395 114 1355 1233 975 1006 1199 2170 2224 703 1140 198 433 293 137 0 0 0 31 0 0 53 45 134 214 440 137 286 466 933 1376 1453 1089 1215 1390 188 52 418 246 298 334 851 970 797 539 733 957 646 710 149 152 493 209 -9999 -9999 -9999 -9999 -9999 -9999 -9999 -9999
-9999 -9999 -9999 -9999 -9999 -9999 -9999 130 131 710 926 802 637 1271 1082 750 654 254 83 720 547 559 200 38 922 939 1115 1144 1181 662 1125 132 1230 315 146 0 0 0 0 0 0 54 54 36 0 61 431 67 146 383 2015 1491 1423 1361 1381 1390 1403 1170 1046 314 502 559 651 644 624 721 497 873 648 554 122 60 55 311 -9999 -9999 -9999 -9999 -9999 -9999 -9999
-9999 -9999 -9999 -9999 -9999 -9999 -9999 -9999 1371 324 662 697 713 606 710 917 299 410 679 718 1025 501 296 494 175 91 974 896 1180 1158 765 849 685 419 100 139 0 0 0 27 26 0 0 28 49 32 0 21 25 327 1946 1264 1074 1143 1335 1400 1119 1019 1024 1189 137 351 230 643 615 717 707 158 724 202 426 700 80 568 213 -9999 -9999 -9999 -9999 -9999 -9999
-9999 -9999 -9999 -9999 -9999 -9999 -9999 -9999 -9999 137 630 763 628 228 403 786 627 44 909 785 609 919 54 275 543 405 881 1164 1549 1506 1040 1528 1968 575 435 206 0 0 0 0 0 0 133 0 33 31 0 21 201 271 1792 1996 1222 1072 1400 1382 1491 1034 1461 1461 1070 1314 1266 1128 367 364 629 1044 996 314 219 462 437 446 474 153 -9999 -9999 -9999 -9999 -9999
-9999 -9999 -9999 -9999 -9999 -9999 -9999 -9999 -9999 128 262 800 606 203 231 748 653 330 455 502 399 341 405 56 52 660 1177 1466 2437 2359 1566 1048 777 781 262 43 154 0 0 0 0 0 0 149 30 0 0 360 314 971 1915 1961 2139 1793 1057 981 1073 1010 1440 1462 1418 1366 1436 1312 969 455 578 912 912 1208 1347 779 479 226 117 112 -9999 -9999 -9999 -9999 -9999
-9999 -9999 -9999 -9999 -9999 -9999 -9999 -9999 -9999 -9999 205 807 603 495 190 676 620 970 594 663 425 432 501 738 607 112 371 1000 1525 2259 2477 2693 1666 1421 496 901 213 0 0 23 26 0 0 0 0 0 0 241 183 1737 1960 2283 2269 2357 1979 1061 940 955 903 807 1132 1218 1486 1154 137 506 660 342 521 407 223 291 546 472 204 195 372 -9999 -9999 -9999 -9999
-9999 -9999 -9999 -9999 -9999 -9999 -9999 -9999 -9999 -9999 -9999 689 726 1102 1230 1112 634 496 633 212 494 776 1698 837 84 660 645 498 612 2095 2376 2680 2326 1143 692 453 0 32 130 28 0 0 0 0 0 0 0 0 1669 2320 2310 2007 2092 2664 2341 1523 683 988 871 995 884 1007 1198 1415 1454 163 303 924 504 287 345 405 306 319 30 104 107 400 -9999 -9999 -9999
-9999 -9999 -9999 -9999 -9999 -9999 -9999 -9999 -9999 -9999 -9999 -9999 910 814 1262 1874 622 610 624 349 447 953 830 1782 1825 1222 1099 841 285 795 2708 2371 1376 1187 1151 201 473 317 67 60 0 0 0 0 0 0 273 32 1946 2373 1948 1931 1929 2257 1957 1987 1221 1080 956 1003 955 993 1026 965 945 1530 883 363 262 277 188 220 550 501 275 275 248 402 -9999 -9999 -9999
-9999 -9999 -9999 -9999 -9999 -9999 -9999 -9999 -9999 -9999 -9999 -9999 -9999 1263 2193 1487 2105 660 1367 858 568 1161 1315 2131 2650 1695 1312 86 416 732 2438 2528 1069 1488 1491 1388 443 566 126 364 38 0 0 0 0 0 380 1058 2503 2448 2429 1779 1720 1941 1720 1815 2158 1217 1436 1055 1457 1111 1083 1110 1445 1137 1500 392 421 486 221 257 214 322 310 93 80 119 131 -9999 -9999
-9999 -9999 -9999 -9999 -9999 -9999 -9999 -9999 -9999 -9999 -9999 -9999 -9999 -9999 1484 1470 1255 1372 701 655 913 895 564 1263 1391 1513 1183 868 647 973 856 989 1274 879 1437 1317 1408 1338 1099 502 432 242 0 0 0 0 285 1024 2439 1974 2426 1997 2316 1868 1317 1342 1923 2424 2554 1584 1788 1164 1116 1120 1182 1153 1136 1171 260 532 672 216 216 284 730 539 298 161 410 -9999 -9999
