2/sve_2_dem_16m_aggr.asc
ncols         139
nrows         162
xllcorner     572256
yllcorner     7071344
cellsize      16
NODATA_value  -9999
[rows 62 to 92 of 162, columns 0 to 69 of 139]
-9999 -9999 -9999 -9999 -9999 -9999 239.0654 238.4373 237.4778 236.8491 236.0598 235.5295 235.2608 235.0981 235.0521 235.0423 235.1253 235.5714 236.2241 236.9071 237.3666 237.1927 236.667 236.6035 236.6186 235.8214 235.1465 234.6267 233.7626 233.1572 232.2879 231.5195 231.3947 231.1487 230.8157 230.7479 230.5664 230.4041 230.4823 230.1205 229.6805 229.4743 229.2971 229.086 228.4359 227.9964 227.2451 226.3978 225.475 224.9065 224.8663 224.6253 224.2964 223.7029 223.197 222.663 222.1662 221.5451 221.6516 221.0772 220.4613 219.6594 218.8328 217.9813 217.4506 216.4908 215.3332 215.1437 215.9908 216.4098
-9999 -9999 -9999 -9999 -9999 -9999 -9999 238.8921 238.042 236.9902 236.2748 235.5335 235.2162 235.0003 234.8138 234.8495 234.8778 235.294 235.861 236.5285 236.8491 237.0171 236.737 236.2698 235.9821 235.9693 235.5072 234.8802 234.2546 233.5246 232.3436 231.5575 231.3556 231.2435 230.885 230.6745 230.5105 230.2676 230.1607 230.024 229.5664 229.1557 228.9584 228.5421 228.1059 227.543 226.8672 226.0922 225.4128 224.8253 224.1444 223.9247 223.7422 223.5219 223.0497 222.5342 221.9608 221.4873 221.0396 220.7236 220.339 219.6138 219.0178 218.0178 217.4726 217.0194 215.5344 214.5095 214.9208 216.6674
-9999 -9999 -9999 -9999 -9999 -9999 -9999 -9999 238.4624 237.2429 236.4112 235.7121 235.1828 234.9558 234.708 234.7424 234.6923 234.8375 235.3962 235.8292 236.2656 236.4266 236.3895 236.2852 235.6445 235.476 235.4504 235.0821 234.3512 233.8139 232.8652 231.6521 231.3124 231.2139 230.8254 230.6751 230.4471 230.1584 229.941 229.501 229.1819 228.981 228.6497 228.1552 227.6627 227.1708 226.65 225.8251 225.2952 224.9655 224.1256 223.5173 223.1287 222.9692 222.9167 222.3495 221.7855 221.3489 220.749 220.396 219.9666 219.3748 218.8338 218.0909 217.4604 216.9808 216.2743 214.6698 214.1273 215.8548
-9999 -9999 -9999 -9999 -9999 -9999 -9999 -9999 -9999 237.5962 236.707 236.0484 235.2223 234.9038 234.6522 234.4577 234.3934 234.3583 234.8052 235.2672 235.5675 235.8882 235.9533 235.818 235.4786 235.0061 234.8432 234.6402 234.3661 233.8175 233.2405 232.3143 231.4808 231.1831 230.9241 230.4375 230.2912 230.006 229.817 229.168 228.8386 228.9236 228.5468 227.8174 227.5073 226.9822 226.613 226.0629 225.1961 224.6246 223.9947 223.1819 222.5342 222.4873 222.4605 222.3291 221.3824 220.8294 220.558 220.0893 219.5838 219.0096 218.4319 218.0693 217.5726 216.7444 216.3007 215.2647 213.6413 214.1927
-9999 -9999 -9999 -9999 -9999 -9999 -9999 -9999 -9999 237.6068 237.0859 236.4302 235.4574 234.8383 234.6293 234.3345 233.9389 233.9391 234.1514 234.7724 235.1291 235.3191 235.4382 235.4241 235.2049 234.9569 234.7926 234.4679 234.318 233.702 233.1283 232.8006 232.1019 231.0543 230.8294 230.4638 230.154 229.934 229.4881 229.1283 228.7675 228.3544 228.1776 227.6942 227.4015 226.7747 226.1464 225.8706 225.2403 224.3981 223.706 222.8054 222.1132 221.7558 221.4429 221.461 220.997 220.696 220.1574 219.7623 219.2227 218.544 217.8299 217.5849 217.364 216.9044 216.0944 215.543 214.0687 212.9533
-9999 -9999 -9999 -9999 -9999 -9999 -9999 -9999 -9999 -9999 236.9581 236.4973 235.6625 234.9245 234.5252 234.1752 233.6025 233.4857 233.4285 233.9543 234.3427 234.5995 234.7912 235.0315 235.1929 234.9739 234.6667 234.297 233.9302 233.6156 233.256 232.6978 232.1536 231.417 230.6912 230.4417 230.08 229.7538 229.4384 229.0942 228.6703 227.9273 227.7468 227.4522 227.213 226.5357 225.7881 225.5521 225.2568 224.2833 223.3625 222.4289 221.7319 221.3235 220.8508 220.885 220.5251 220.5668 219.7004 219.361 218.9311 218.0369 217.2987 216.977 216.9309 216.5086 215.9952 215.4038 214.4366 212.9254
-9999 -9999 -9999 -9999 -9999 -9999 -9999 -9999 -9999 -9999 -9999 236.406 235.7161 235.0433 234.2423 233.7641 233.3663 233.092 232.997 233.0659 233.3681 233.9765 234.3719 234.5243 234.6714 234.5637 234.3377 234.0346 233.4482 233.124 233.0231 232.4198 231.7655 231.2466 230.6137 230.3259 229.8503 229.437 229.0745 228.6959 228.3102 227.7915 227.2941 226.9996 226.9588 226.1849 225.5492 225.1104 224.6163 223.9423 223.176 222.2852 221.4726 220.685 220.0088 219.8695 220.0379 219.821 219.298 218.8061 218.4029 217.8611 216.9288 216.4124 216.2483 215.8377 215.3613 215.1378 214.5504 213.1821
-9999 -9999 -9999 -9999 -9999 -9999 -9999 -9999 -9999 -9999 -9999 -9999 235.7869 235.0994 234.137 233.5017 233.1226 232.861 232.6925 232.6079 232.6362 233.2032 233.7049 233.7948 233.8027 233.9299 234.1477 233.7733 233.1499 232.6555 232.5021 232.2197 231.4663 230.8127 230.4599 230.0085 229.4684 228.9557 228.7941 228.3582 227.8073 227.2815 227.0177 226.4605 226.1224 225.8288 225.3435 224.7614 224.0643 223.3005 222.7259 222.0985 221.1103 220.3006 219.6003 218.9319 218.9045 218.7779 218.6318 218.6097 218.0611 217.3958 216.6325 215.8829 215.5418 215.1193 214.885 214.782 214.1097 213.2482
-9999 -9999 -9999 -9999 -9999 -9999 -9999 -9999 -9999 -9999 -9999 -9999 -9999 235.0544 234.1665 233.2644 232.9249 232.7069 232.4808 232.4121 232.3167 232.3118 232.6575 232.9673 233.1229 233.1547 233.4664 233.4475 232.999 232.4757 232.233 231.8576 231.3265 230.5522 230.0991 229.5272 229.0587 228.6088 228.3969 228.0969 227.5235 226.9097 226.6454 226.1361 225.7021 225.2338 224.8478 224.244 223.5259 222.7825 222.1387 221.6358 220.8904 220.0027 219.1979 218.4233 217.8592 217.6888 217.7078 217.671 217.261 216.5121 215.9861 215.6244 215.0736 214.7081 214.24 214.085 213.7092 213.0725
-9999 -9999 -9999 -9999 -9999 -9999 -9999 -9999 -9999 -9999 -9999 -9999 -9999 -9999 234.4235 233.6118 232.8267 232.5376 232.3049 232.1243 232.0078 231.8484 231.7033 231.865 232.3213 232.6631 232.4935 232.5575 232.4492 232.2288 231.8547 231.1875 230.7522 230.3615 229.8796 229.1394 228.6267 228.3502 228.0663 227.5073 227.244 226.5447 226.3357 225.8581 225.4325 224.7195 224.1803 223.7913 223.0344 222.2929 221.551 220.8999 220.4389 219.8393 219.0836 218.0974 217.4562 216.9069 216.7361 216.6818 216.5078 216.0573 215.4092 215.2527 214.7694 214.1656 213.7953 213.1383 213.4285 213.0436
-9999 -9999 -9999 -9999 -9999 -9999 -9999 -9999 -9999 -9999 -9999 -9999 -9999 -9999 234.3309 233.7717 232.9705 232.3923 232.2114 231.8833 231.5963 231.386 231.1319 230.8227 231.1435 231.7674 231.9391 231.7345 231.918 231.8292 231.4434 230.857 230.2349 229.8813 229.3641 228.9741 228.2886 228.2171 228.1581 227.1564 226.5818 226.1139 225.4486 225.171 224.94 224.1616 223.5936 223.1636 222.5006 221.7843 221.1446 220.3945 219.7171 219.1435 218.4652 217.7195 217.1452 216.4627 216.0046 215.7541 215.6528 215.4963 214.9791 214.4714 214.3024 213.9437 213.2987 212.8097 212.3276 212.3925
-9999 -9999 -9999 -9999 -9999 -9999 -9999 -9999 -9999 -9999 -9999 -9999 -9999 -9999 -9999 233.674 233.1206 232.3472 232.0852 231.7539 231.2844 230.8361 230.5951 230.3604 230.2697 230.5317 230.8666 230.9568 231.0531 231.1082 230.8007 230.6223 229.8648 229.2649 228.9366 228.6315 228.0805 227.6797 227.8372 227.1859 226.1131 225.4794 225.3243 224.9747 224.3712 223.7215 223.2597 222.6801 221.9613 221.3506 220.8234 220.1006 219.3829 218.6615 218.1165 217.3791 216.6254 216.0369 215.4528 214.8457 214.6308 214.6238 214.1802 213.956 213.7093 213.6282 213.0218 212.2585 211.5938 211.2009
-9999 -9999 -9999 -9999 -9999 -9999 -9999 -9999 -9999 -9999 -9999 -9999 -9999 -9999 -9999 -9999 233.1321 232.4801 231.7445 231.4146 230.9833 230.5486 230.1568 229.8811 229.5586 229.5084 229.7333 229.934 230.1504 230.2892 229.9111 229.894 229.2584 228.8743 228.5147 228.0473 227.5753 227.0115 226.9632 226.793 226.1265 225.3412 224.8821 224.4332 223.8284 223.5379 222.9813 222.3177 221.261 220.7791 220.418 219.8593 219.3262 218.493 217.7615 217.1011 216.404 215.7335 215.0191 214.2706 213.7674 213.4663 213.3905 213.6902 213.3856 212.9145 212.636 211.8509 211.0209 210.5409
-9999 -9999 -9999 -9999 -9999 -9999 -9999 -9999 -9999 -9999 -9999 -9999 -9999 -9999 -9999 -9999 -9999 232.4119 231.615 231.0434 230.6014 230.1154 229.8105 229.4205 229.1481 228.9385 228.8732 228.9595 229.0948 229.3416 229.199 229.1161 228.5695 228.4376 227.8675 227.4335 227.218 226.8793 226.5725 226.2045 225.6888 225.1024 224.6365 223.8121 223.5539 223.1947 222.4759 221.6918 220.8147 220.3097 219.9447 219.4202 218.8366 218.3512 217.4393 216.6763 216.1391 215.4727 214.5513 213.8489 213.2128 212.8503 212.7388 212.9166 212.817 212.4499 211.8132 211.3413 210.4307 209.962
-9999 -9999 -9999 -9999 -9999 -9999 -9999 -9999 -9999 -9999 -9999 -9999 -9999 -9999 -9999 -9999 -9999 -9999 -9999 231.0386 230.3348 229.8911 229.4902 229.0625 228.6727 228.3988 228.0411 227.9822 228.1699 228.4364 228.2626 228.0274 227.6063 227.5126 227.2015 226.9692 226.6396 226.4466 226.2064 225.9807 225.4563 224.9271 224.2538 223.4796 223.0773 222.6341 221.7272 221.0556 220.5018 219.8926 219.3962 218.8394 218.18 217.921 217.1128 216.2372 215.5981 215.0373 214.211 213.7105 212.7407 212.1505 211.7983 211.8106 211.9049 211.6462 211.0199 210.5266 210.0185 209.5805
-9999 -9999 -9999 -9999 -9999 -9999 -9999 -9999 -9999 -9999 -9999 -9999 -9999 -9999 -9999 -9999 -9999 -9999 -9999 -9999 230.5476 229.7714 229.1997 228.6272 228.2695 227.7847 227.3764 227.1946 227.0022 227.2552 227.3029 226.8257 226.3943 226.5417 226.2357 226.2885 225.9169 225.8822 225.6866 225.3318 224.9621 224.7609 224.0507 223.3961 222.4231 221.7991 221.1945 220.5871 220.194 219.5777 218.9051 218.3795 217.8447 217.3708 216.6938 215.9213 215.1819 214.614 213.9324 213.3531 212.3603 211.5738 211.0178 210.742 210.7971 210.8737 210.3972 209.969 209.5815 209.4716
-9999 -9999 -9999 -9999 -9999 -9999 -9999 -9999 -9999 -9999 -9999 -9999 -9999 -9999 -9999 -9999 -9999 -9999 -9999 -9999 -9999 229.7308 228.9111 228.1845 227.7191 227.2843 226.7774 226.5443 226.4039 226.1137 225.9756 225.8784 225.3791 225.2356 224.9093 225.1822 225.3868 225.059 225.0254 224.634 224.1366 223.8852 223.3452 222.7658 221.8451 221.2128 220.7797 220.2839 219.8604 219.1854 218.4118 217.866 217.4656 217.123 216.45 215.6908 214.8054 214.1407 213.5358 212.7661 212.0033 211.3333 210.7112 210.2045 209.8469 209.9518 210.0578 209.7239 209.1677 208.8861
-9999 -9999 -9999 -9999 -9999 -9999 -9999 -9999 -9999 -9999 -9999 -9999 -9999 -9999 -9999 -9999 -9999 -9999 -9999 -9999 -9999 -9999 228.6182 227.8342 227.3246 226.8729 226.4176 225.9286 225.7287 225.4464 225.1704 225.0646 224.8803 224.4052 224.273 223.968 224.0858 223.9935 224.1736 223.616 223.2458 222.9778 222.2872 221.8929 221.5389 221.0899 220.4428 219.8544 219.3693 218.7618 218.0903 217.6335 217.2113 216.7822 216.3293 215.4883 214.6719 213.9807 213.3198 212.448 211.6645 210.9884 210.5065 210.0457 209.475 209.1071 209.1287 209.1575 208.8429 208.5135
-9999 -9999 -9999 -9999 -9999 -9999 -9999 -9999 -9999 -9999 -9999 -9999 -9999 -9999 -9999 -9999 -9999 -9999 -9999 -9999 -9999 -9999 -9999 227.5604 226.941 226.5102 226.0685 225.6971 225.3388 224.9741 224.6325 224.3278 224.2205 223.7401 223.8796 223.3441 222.923 222.3224 222.7587 222.7906 221.8725 222.0851 221.6792 221.4656 221.2974 220.9252 220.2224 219.4066 218.8813 218.437 217.8379 217.4296 217.1142 216.3569 215.7776 215.0974 214.3848 213.6324 213.1 212.2085 211.3422 210.6347 210.1875 209.7897 209.3387 208.6826 208.3001 208.5536 208.5556 208.224
-9999 -9999 -9999 -9999 -9999 -9999 -9999 -9999 -9999 -9999 -9999 -9999 -9999 -9999 -9999 -9999 -9999 -9999 -9999 -9999 -9999 -9999 -9999 -9999 226.7504 226.1589 225.7805 225.4133 225.0514 224.64 224.1602 223.6793 223.4624 223.0003 222.9424 222.561 222.3137 221.4273 221.3405 221.425 221.2727 221.3745 221.2315 221.1501 221.1678 220.5714 220.0092 219.199 218.2631 217.8137 217.404 216.9347 216.4925 216.041 215.3463 214.6631 214.0175 213.301 212.6189 211.9665 211.0686 210.2475 209.7591 209.3561 209.1004 208.7071 208.0572 207.4934 207.6281 207.6069
-9999 -9999 -9999 -9999 -9999 -9999 -9999 -9999 -9999 -9999 -9999 -9999 -9999 -9999 -9999 -9999 -9999 -9999 -9999 -9999 -9999 -9999 -9999 -9999 -9999 226.0029 225.479 225.0927 224.6691 224.2669 223.779 223.3191 222.8674 222.4221 222.0438 221.995 221.2567 220.7634 220.6766 221.0129 221.0261 220.8943 220.8849 220.7932 220.6251 220.2185 219.6689 219.1482 217.9211 217.2603 216.9412 216.4953 216.0718 215.5946 214.8679 214.2098 213.5748 212.8506 212.1004 211.4559 210.8689 210.0045 209.3443 208.9008 208.673 208.5961 207.966 207.0028 206.6083 206.5868
-9999 -9999 -9999 -9999 -9999 -9999 -9999 -9999 -9999 -9999 -9999 -9999 -9999 -9999 -9999 -9999 -9999 -9999 -9999 -9999 -9999 -9999 -9999 -9999 -9999 -9999 -9999 224.7997 224.3961 223.8634 223.4294 222.918 222.5127 222.0487 221.4419 220.9504 220.6568 220.1623 220.3046 221.3612 221.2214 220.7191 220.2877 220.3615 220.3128 219.9093 219.2074 218.6718 217.6912 216.9386 216.5774 216.2397 215.9214 215.2691 214.4469 213.7695 213.0818 212.3269 211.642 211.0983 210.5842 209.795 209.0882 208.5756 208.2014 208.0306 207.6615 206.9656 206.2315 205.8634
-9999 -9999 -9999 -9999 -9999 -9999 -9999 -9999 -9999 -9999 -9999 -9999 -9999 -9999 -9999 -9999 -9999 -9999 -9999 -9999 -9999 -9999 -9999 -9999 -9999 -9999 -9999 -9999 224.0489 223.4827 223.0759 222.6442 222.1256 221.652 221.1254 220.4758 220.1777 219.7126 219.4856 220.2635 220.5883 220.1559 219.9967 219.9932 220.0454 219.7394 218.9086 218.3803 217.6745 216.9538 216.295 215.8779 215.5613 215.0135 214.1204 213.3996 212.6969 211.9164 211.189 210.7319 210.2282 209.5576 208.9805 208.3379 207.7901 207.3854 207.0572 206.7144 206.2586 205.503
-9999 -9999 -9999 -9999 -9999 -9999 -9999 -9999 -9999 -9999 -9999 -9999 -9999 -9999 -9999 -9999 -9999 -9999 -9999 -9999 -9999 -9999 -9999 -9999 -9999 -9999 -9999 -9999 -9999 -9999 222.6693 222.2499 221.8888 221.3768 220.845 220.2221 219.7141 219.3332 219.1141 219.1976 219.5104 219.779 219.7201 219.6813 219.709 219.4087 218.7648 218.0768 217.5408 216.92 216.2693 215.5758 215.1101 214.5204 213.8713 213.0406 212.2754 211.4891 210.7788 210.3471 209.896 209.3134 208.8329 208.1788 207.4972 206.9855 206.6138 206.1948 205.9399 205.3905
-9999 -9999 -9999 -9999 -9999 -9999 -9999 -9999 -9999 -9999 -9999 -9999 -9999 -9999 -9999 -9999 -9999 -9999 -9999 -9999 -9999 -9999 -9999 -9999 -9999 -9999 -9999 -9999 -9999 -9999 -9999 221.9309 221.5097 221.0607 220.3813 219.8428 219.4165 219.051 218.7635 218.6 218.7256 219.2937 219.306 219.1332 218.999 218.8123 218.3461 217.6763 217.16 216.7272 216.0527 215.3524 214.7598 214.1182 213.5435 212.7584 211.9577 211.1641 210.4768 209.9555 209.583 209.0862 208.5729 207.9957 207.2008 206.6535 206.2661 205.8438 205.3891 205.0352
-9999 -9999 -9999 -9999 -9999 -9999 -9999 -9999 -9999 -9999 -9999 -9999 -9999 -9999 -9999 -9999 -9999 -9999 -9999 -9999 -9999 -9999 -9999 -9999 -9999 -9999 -9999 -9999 -9999 -9999 -9999 -9999 221.1564 220.7383 220.2533 219.6716 219.2253 218.8234 218.4315 218.1696 218.2097 218.4442 218.7193 218.6489 218.2702 218.0192 217.6623 217.2123 216.7676 216.3478 215.7404 215.1407 214.5909 213.7639 213.2098 212.5118 211.7319 211.0023 210.2729 209.744 209.2883 208.8736 208.2937 207.7342 207.0617 206.3846 205.937 205.5293 205.1498 204.8523
-9999 -9999 -9999 -9999 -9999 -9999 -9999 -9999 -9999 -9999 -9999 -9999 -9999 -9999 -9999 -9999 -9999 -9999 -9999 -9999 -9999 -9999 -9999 -9999 -9999 -9999 -9999 -9999 -9999 -9999 -9999 -9999 -9999 -9999 220.1012 219.5451 218.9994 218.5354 218.1343 217.8076 217.6606 217.7363 217.9109 217.7779 217.747 217.4887 216.9499 216.8015 216.6032 215.9428 215.303 214.8585 214.282 213.532 212.828 212.189 211.4435 210.7593 209.9638 209.4311 208.9812 208.4786 208.0018 207.4584 206.7594 206.2016 205.7332 205.33 205.0076 204.6675
-9999 -9999 -9999 -9999 -9999 -9999 -9999 -9999 -9999 -9999 -9999 -9999 -9999 -9999 -9999 -9999 -9999 -9999 -9999 -9999 -9999 -9999 -9999 -9999 -9999 -9999 -9999 -9999 -9999 -9999 -9999 -9999 -9999 -9999 -9999 219.3726 219.0126 218.2549 217.8507 217.5171 217.3081 217.3662 217.1862 216.9397 216.8991 216.8285 216.6021 216.4334 216.302 215.7149 215.058 214.4964 214.0219 213.345 212.5274 211.7449 211.0284 210.3016 209.5711 209.0419 208.687 208.2897 207.6902 207.1881 206.6715 206.0144 205.5521 205.1715 204.9077 204.517
-9999 -9999 -9999 -9999 -9999 -9999 -9999 -9999 -9999 -9999 -9999 -9999 -9999 -9999 -9999 -9999 -9999 -9999 -9999 -9999 -9999 -9999 -9999 -9999 -9999 -9999 -9999 -9999 -9999 -9999 -9999 -9999 -9999 -9999 -9999 -9999 -9999 217.9765 217.4676 217.1479 216.8761 217.0338 216.8184 216.4651 216.5309 216.5882 216.4282 215.9673 215.5639 215.3177 214.7021 214.1942 213.7431 213.1196 212.3784 211.4604 210.5444 209.8218 209.314 208.78 208.2858 208.0309 207.5876 206.9616 206.507 205.9233 205.3928 204.9839 204.6848 204.3766
-9999 -9999 -9999 -9999 -9999 -9999 -9999 -9999 -9999 -9999 -9999 -9999 -9999 -9999 -9999 -9999 -9999 -9999 -9999 -9999 -9999 -9999 -9999 -9999 -9999 -9999 -9999 -9999 -9999 -9999 -9999 -9999 -9999 -9999 -9999 -9999 -9999 -9999 217.1868 216.7453 216.5461 216.6425 216.248 215.9632 216.0783 215.9718 215.8724 215.5598 215.0229 214.7499 214.3273 213.9295 213.3401 212.6708 212.0576 211.1257 210.0848 209.3846 208.932 208.4245 207.8355 207.4847 207.3455 206.8416 206.3716 205.8053 205.204 204.7387 204.4451 204.1372
-9999 -9999 -9999 -9999 -9999 -9999 -9999 -9999 -9999 -9999 -9999 -9999 -9999 -9999 -9999 -9999 -9999 -9999 -9999 -9999 -9999 -9999 -9999 -9999 -9999 -9999 -9999 -9999 -9999 -9999 -9999 -9999 -9999 -9999 -9999 -9999 -9999 -9999 -9999 -9999 216.1778 216.1132 215.7682 215.399 215.2145 215.2464 215.2383 215.0967 214.7072 214.3611 213.9739 213.5834 212.8837 212.2345 211.643 210.5388 209.6352 209.2161 208.6023 207.8476 207.3923 207.0936 206.8877 206.634 206.1279 205.5755 205.0376 204.5399 204.0999 203.8042
