2/sve_2_keskilapimitta.asc
ncols         139
nrows         162
xllcorner     572256
yllcorner     7071344
cellsize      16
NODATA_value  -9999
[rows 38 to 75 of 162, columns 0 to 86 of 139]
-9999 -9999 -9999 -9999 -9999 -9999 -9999 -9999 -9999 -9999 0 0 0 0 0 0 0 0 11 14 17 16 15 20 14 14 18 15 14 14 16 16 20 19 20 20 19 19 20 19 18 19 17 18 17 19 19 -9999 -9999 -9999 -9999 -9999 -9999 -9999 -9999 -9999 -9999 -9999 -9999 -9999 -9999 -9999 -9999 -9999 -9999 -9999 -9999 -9999 -9999 -9999 -9999 -9999 -9999 -9999 -9999 -9999 -9999 -9999 -9999 -9999 -9999 -9999 -9999 -9999 -9999 -9999 -9999
-9999 -9999 -9999 -9999 -9999 -9999 -9999 -9999 -9999 0 0 0 0 0 0 0 0 0 10 13 18 18 16 21 14 16 14 14 13 11 13 18 16 18 19 20 19 20 20 17 18 20 18 17 18 18 18 20 -9999 -9999 -9999 -9999 -9999 -9999 -9999 -9999 -9999 -9999 -9999 -9999 -9999 -9999 -9999 -9999 -9999 -9999 -9999 -9999 -9999 -9999 -9999 -9999 -9999 -9999 -9999 -9999 -9999 -9999 -9999 -9999 -9999 -9999 -9999 -9999 -9999 -9999 -9999
-9999 -9999 -9999 -9999 -9999 -9999 -9999 -9999 -9999 0 0 0 0 0 0 0 0 0 3 6 16 10 14 12 18 11 14 16 16 13 17 19 12 17 19 19 22 16 18 19 18 16 19 20 16 20 19 19 19 -9999 -9999 -9999 -9999 -9999 -9999 -9999 -9999 -9999 -9999 -9999 -9999 -9999 -9999 -9999 -9999 -9999 -9999 -9999 -9999 -9999 -9999 -9999 -9999 -9999 -9999 -9999 -9999 -9999 -9999 -9999 -9999 -9999 -9999 -9999 -9999 -9999 -9999
-9999 -9999 -9999 -9999 -9999 -9999 -9999 -9999 0 0 0 0 0 0 0 0 0 0 0 3 6 11 14 10 15 11 14 16 16 16 12 13 12 15 18 20 18 19 19 19 20 19 18 17 20 20 21 19 20 20 -9999 -9999 -9999 -9999 -9999 -9999 -9999 -9999 -9999 -9999 -9999 -9999 -9999 -9999 -9999 -9999 -9999 -9999 -9999 -9999 -9999 -9999 -9999 -9999 -9999 -9999 -9999 -9999 -9999 -9999 -9999 -9999 -9999 -9999 -9999 -9999 -9999
-9999 -9999 -9999 -9999 -9999 -9999 -9999 4 0 0 0 0 0 0 0 0 0 0 0 0 0 5 4 14 16 16 19 14 19 18 15 13 12 12 14 18 22 20 19 18 19 18 17 19 20 18 19 19 20 20 19 19 -9999 -9999 -9999 -9999 -9999 -9999 -9999 -9999 -9999 -9999 -9999 -9999 -9999 -9999 -9999 -9999 -9999 -9999 -9999 -9999 -9999 -9999 -9999 -9999 -9999 -9999 -9999 -9999 -9999 -9999 -9999 -9999 -9999 -9999 -9999
-9999 -9999 -9999 -9999 -9999 -9999 5 3 4 0 0 0 0 0 0 0 0 0 0 0 0 0 6 8 12 18 16 17 19 20 20 15 13 13 9 11 17 24 19 19 17 18 17 18 18 19 18 19 20 16 20 20 20 -9999 -9999 -9999 -9999 -9999 -9999 -9999 -9999 -9999 -9999 -9999 -9999 -9999 -9999 -9999 -9999 -9999 -9999 -9999 -9999 -9999 -9999 -9999 -9999 -9999 -9999 -9999 -9999 -9999 -9999 -9999 -9999 -9999 -9999
-9999 -9999 -9999 -9999 -9999 14 9 5 4 0 0 0 0 0 0 0 0 0 0 0 0 0 0 6 10 11 12 20 16 18 18 17 17 15 14 16 17 18 20 17 17 19 16 18 20 17 18 20 16 18 19 17 18 20 -9999 -9999 -9999 -9999 -9999 -9999 -9999 -9999 -9999 -9999 -9999 -9999 -9999 -9999 -9999 -9999 -9999 -9999 -9999 -9999 -9999 -9999 -9999 -9999 -9999 -9999 -9999 -9999 -9999 -9999 -9999 -9999 -9999
-9999 -9999 -9999 -9999 19 16 15 8 7 5 0 0 0 0 0 0 0 0 0 0 0 0 0 0 5 4 13 19 16 18 20 21 21 19 23 22 20 18 19 20 18 17 19 19 18 20 17 20 16 17 19 17 20 20 19 19 -9999 -9999 -9999 -9999 -9999 -9999 -9999 -9999 -9999 -9999 -9999 -9999 -9999 -9999 -9999 -9999 -9999 -9999 -9999 -9999 -9999 -9999 -9999 -9999 -9999 -9999 -9999 -9999 -9999 -9999 -9999
-9999 -9999 -9999 16 15 17 15 18 11 3 4 12 0 0 0 0 0 0 0 0 0 0 0 0 0 9 15 17 16 15 18 21 23 18 18 17 15 15 16 16 18 19 20 19 19 18 19 17 20 19 16 17 21 20 19 18 20 -9999 -9999 -9999 -9999 -9999 -9999 -9999 -9999 -9999 -9999 -9999 -9999 -9999 -9999 -9999 -9999 -9999 -9999 -9999 -9999 -9999 -9999 -9999 -9999 -9999 -9999 -9999 -9999 -9999 -9999
-9999 -9999 -9999 14 15 17 14 15 12 14 14 13 14 12 0 0 0 0 0 0 0 0 0 0 11 16 15 18 15 18 17 14 17 12 16 18 17 14 14 17 16 18 19 19 20 20 18 20 16 18 19 16 21 18 20 19 20 20 -9999 -9999 -9999 -9999 -9999 -9999 -9999 -9999 -9999 -9999 -9999 -9999 -9999 -9999 -9999 -9999 -9999 -9999 -9999 -9999 -9999 -9999 -9999 -9999 -9999 -9999 -9999 -9999 -9999
-9999 -9999 -9999 10 17 18 19 17 14 16 16 17 12 13 19 13 0 0 0 0 0 0 6 13 12 20 17 17 18 18 17 18 15 14 14 14 13 13 13 12 12 18 17 20 19 20 20 20 20 18 20 21 16 20 18 19 20 19 19 -9999 -9999 -9999 -9999 -9999 -9999 -9999 -9999 -9999 -9999 -9999 -9999 -9999 -9999 -9999 -9999 -9999 -9999 -9999 -9999 -9999 -9999 -9999 -9999 -9999 -9999 -9999 -9999
-9999 13 8 -9999 14 16 19 22 16 17 16 15 14 14 18 14 17 15 15 12 17 15 16 18 17 16 17 20 15 18 14 12 14 13 12 14 15 12 17 11 14 11 14 16 21 19 19 20 19 19 19 20 17 16 17 19 20 19 19 20 -9999 -9999 -9999 -9999 -9999 -9999 -9999 -9999 -9999 -9999 -9999 -9999 -9999 -9999 -9999 -9999 -9999 -9999 -9999 -9999 -9999 -9999 -9999 -9999 -9999 -9999 -9999
-9999 17 14 12 16 -9999 14 16 17 14 13 15 16 15 17 17 14 18 20 17 15 17 18 16 18 18 15 15 12 5 13 11 13 12 15 15 14 14 15 15 16 14 13 15 17 21 21 19 19 19 18 21 17 16 20 18 20 20 19 22 18 -9999 -9999 -9999 -9999 -9999 -9999 -9999 -9999 -9999 -9999 -9999 -9999 -9999 -9999 -9999 -9999 -9999 -9999 -9999 -9999 -9999 -9999 -9999 -9999 -9999 -9999
14 14 17 17 18 18 14 -9999 12 12 13 15 18 21 20 19 19 17 19 19 16 23 16 18 17 15 18 -9999 15 9 4 15 14 12 12 13 12 15 15 16 17 16 14 15 18 21 21 21 19 19 18 21 21 19 21 21 16 16 21 20 16 15 -9999 -9999 -9999 -9999 -9999 -9999 -9999 -9999 -9999 -9999 -9999 -9999 -9999 -9999 -9999 -9999 -9999 -9999 -9999 -9999 -9999 -9999 -9999 -9999 -9999
16 15 12 17 16 19 21 16 16 -9999 -9999 13 14 11 15 17 17 16 15 12 16 18 14 19 16 -9999 16 17 19 -9999 17 20 15 13 14 10 10 18 17 21 18 17 17 19 20 17 16 16 21 20 19 17 21 20 18 21 16 18 19 18 17 13 13 -9999 -9999 -9999 -9999 -9999 -9999 -9999 -9999 -9999 -9999 -9999 -9999 -9999 -9999 -9999 -9999 -9999 -9999 -9999 -9999 -9999 -9999 -9999 -9999
13 13 11 13 16 23 16 28 19 20 13 14 -9999 -9999 -9999 17 12 17 9 12 14 12 14 15 -9999 17 16 15 17 17 18 -9999 11 17 15 14 10 14 14 14 18 17 15 17 17 23 16 17 17 19 18 18 20 19 20 19 20 18 19 19 14 16 15 15 -9999 -9999 -9999 -9999 -9999 -9999 -9999 -9999 -9999 -9999 -9999 -9999 -9999 -9999 -9999 -9999 -9999 -9999 -9999 -9999 -9999 -9999 -9999
-9999 15 12 15 14 18 19 20 24 24 19 20 18 16 15 15 10 -9999 -9999 -9999 15 15 14 -9999 15 13 12 13 12 13 15 17 18 -9999 -9999 10 8 7 6 12 18 18 19 15 16 18 20 18 19 19 20 18 20 19 20 19 20 19 18 17 17 14 14 15 15 -9999 -9999 -9999 -9999 -9999 -9999 -9999 -9999 -9999 -9999 -9999 -9999 -9999 -9999 -9999 -9999 -9999 -9999 -9999 -9999 -9999 -9999
-9999 17 16 15 16 14 19 19 19 17 20 22 21 16 16 15 13 4 15 14 16 19 13 14 16 16 15 17 17 12 13 13 15 7 14 -9999 -9999 14 3 11 17 16 14 19 16 17 18 18 17 15 17 17 16 17 17 19 17 18 18 17 14 13 17 18 15 15 -9999 -9999 -9999 -9999 -9999 -9999 -9999 -9999 -9999 -9999 -9999 -9999 -9999 -9999 -9999 -9999 -9999 -9999 -9999 -9999 -9999
-9999 16 16 15 14 12 16 16 17 17 19 20 17 16 15 17 15 9 11 14 18 18 18 16 15 15 12 15 16 17 16 13 11 5 6 8 9 16 -9999 -9999 16 15 12 14 17 17 21 17 14 13 15 13 16 17 14 17 13 21 19 17 13 16 17 16 15 17 14 -9999 -9999 -9999 -9999 -9999 -9999 -9999 -9999 -9999 -9999 -9999 -9999 -9999 -9999 -9999 -9999 -9999 -9999 -9999 -9999
-9999 -9999 16 16 16 16 15 15 16 15 15 15 15 15 15 15 19 4 11 12 18 20 14 15 17 15 14 14 15 18 15 13 9 4 2 5 10 11 9 15 16 12 15 17 16 16 18 17 16 13 19 14 18 14 16 13 21 19 19 19 14 15 16 18 16 13 13 15 -9999 -9999 -9999 -9999 -9999 -9999 -9999 -9999 -9999 -9999 -9999 -9999 -9999 -9999 -9999 -9999 -9999 -9999 -9999
-9999 -9999 -9999 17 17 15 15 16 16 15 15 15 15 16 16 16 16 8 21 22 19 19 18 18 16 17 15 14 14 17 13 12 6 2 4 3 4 14 6 12 3 4 10 15 17 16 17 18 16 16 15 17 15 16 16 21 21 23 19 17 14 15 17 17 15 20 13 14 14 -9999 -9999 -9999 -9999 -9999 -9999 -9999 -9999 -9999 -9999 -9999 -9999 -9999 -9999 -9999 -9999 -9999 -9999
-9999 -9999 -9999 17 18 15 15 16 18 16 15 14 15 16 17 16 16 17 9 16 18 18 16 15 15 15 17 15 13 14 14 8 9 3 4 4 2 3 4 12 7 4 6 16 13 18 16 18 18 18 18 18 18 16 18 17 17 21 23 17 15 16 14 18 17 15 17 19 18 15 -9999 -9999 -9999 -9999 -9999 -9999 -9999 -9999 -9999 -9999 -9999 -9999 -9999 -9999 -9999 -9999 -9999
-9999 -9999 -9999 -9999 18 16 15 17 20 22 20 18 19 21 19 16 16 14 6 10 16 19 16 15 14 14 15 18 15 14 13 18 14 4 9 3 3 0 3 2 4 1 6 8 15 12 17 16 18 18 16 17 18 17 19 19 19 21 16 15 12 15 10 9 16 19 16 19 18 17 19 -9999 -9999 -9999 -9999 -9999 -9999 -9999 -9999 -9999 -9999 -9999 -9999 -9999 -9999 -9999 -9999
-9999 -9999 -9999 -9999 -9999 18 17 17 24 21 20 19 20 20 19 18 16 15 17 13 16 17 15 14 14 14 15 16 17 14 14 12 15 12 8 1 1 2 2 1 2 2 5 3 2 10 15 20 17 18 16 16 17 17 18 18 17 18 16 13 16 15 8 12 12 17 17 17 20 17 17 20 -9999 -9999 -9999 -9999 -9999 -9999 -9999 -9999 -9999 -9999 -9999 -9999 -9999 -9999 -9999
-9999 -9999 -9999 -9999 -9999 -9999 17 17 21 23 21 20 19 21 21 22 18 15 14 13 17 12 17 17 15 15 14 20 21 16 17 14 15 13 14 5 3 2 6 2 1 2 1 5 2 4 9 10 17 18 20 16 19 20 20 15 16 17 18 13 15 10 10 12 13 16 15 15 17 16 17 19 14 -9999 -9999 -9999 -9999 -9999 -9999 -9999 -9999 -9999 -9999 -9999 -9999 -9999 -9999
-9999 -9999 -9999 -9999 -9999 -9999 -9999 15 15 20 23 22 20 21 20 21 18 16 14 14 15 16 16 15 17 17 14 14 14 15 17 15 16 12 15 5 3 2 3 3 1 2 2 1 4 1 1 5 15 19 26 16 18 19 19 19 19 18 20 16 16 11 9 10 12 16 12 13 17 14 14 13 14 18 -9999 -9999 -9999 -9999 -9999 -9999 -9999 -9999 -9999 -9999 -9999 -9999 -9999
-9999 -9999 -9999 -9999 -9999 -9999 -9999 -9999 20 17 20 20 20 18 17 18 19 15 16 15 12 16 22 18 18 15 17 16 14 14 17 16 18 12 11 10 4 0 0 1 2 3 5 2 2 4 0 2 10 17 19 22 17 19 18 18 19 18 18 19 14 15 17 18 18 15 14 11 14 15 14 19 17 19 18 -9999 -9999 -9999 -9999 -9999 -9999 -9999 -9999 -9999 -9999 -9999 -9999
-9999 -9999 -9999 -9999 -9999 -9999 -9999 -9999 -9999 15 19 21 20 18 21 17 18 17 15 15 17 15 13 13 16 17 17 15 17 14 15 18 19 18 13 16 5 1 1 2 3 6 13 6 2 3 0 2 14 18 20 19 18 17 19 18 19 18 15 15 19 17 16 17 17 18 11 14 11 15 15 17 17 20 19 14 -9999 -9999 -9999 -9999 -9999 -9999 -9999 -9999 -9999 -9999 -9999
-9999 -9999 -9999 -9999 -9999 -9999 -9999 -9999 -9999 15 17 22 20 15 19 17 17 20 17 14 19 19 17 13 13 15 18 18 20 21 14 15 19 16 17 12 8 2 2 2 4 9 10 12 3 2 0 5 13 17 17 20 20 25 15 18 18 16 15 15 15 19 19 17 16 15 12 14 13 14 15 17 18 18 17 16 -9999 -9999 -9999 -9999 -9999 -9999 -9999 -9999 -9999 -9999 -9999
-9999 -9999 -9999 -9999 -9999 -9999 -9999 -9999 -9999 -9999 17 22 20 15 20 17 18 20 18 16 19 17 18 17 12 18 14 20 19 20 20 22 17 17 14 12 11 4 4 1 2 0 1 0 0 0 0 6 17 17 20 22 23 24 26 15 17 16 17 18 18 17 19 17 14 15 11 12 11 9 7 13 12 19 18 15 14 -9999 -9999 -9999 -9999 -9999 -9999 -9999 -9999 -9999 -9999
-9999 -9999 -9999 -9999 -9999 -9999 -9999 -9999 -9999 -9999 -9999 17 21 19 22 20 17 18 18 15 18 18 19 18 17 13 13 14 18 21 21 24 18 15 14 16 10 8 6 3 0 0 0 0 0 0 1 15 17 23 22 20 21 24 26 23 16 16 17 17 16 15 17 18 19 15 15 14 11 10 13 9 13 12 13 14 13 14 -9999 -9999 -9999 -9999 -9999 -9999 -9999 -9999 -9999
-9999 -9999 -9999 -9999 -9999 -9999 -9999 -9999 -9999 -9999 -9999 -9999 19 18 20 21 19 17 17 22 19 20 18 19 19 20 15 16 15 18 22 21 18 17 18 16 16 17 7 4 0 0 0 0 0 0 7 14 19 24 19 19 19 22 19 19 18 15 15 15 15 15 15 18 15 19 17 10 11 10 12 7 13 12 15 14 14 14 -9999 -9999 -9999 -9999 -9999 -9999 -9999 -9999 -9999
-9999 -9999 -9999 -9999 -9999 -9999 -9999 -9999 -9999 -9999 -9999 -9999 -9999 18 22 20 23 20 22 16 16 21 23 18 20 19 20 15 13 16 19 19 18 19 19 16 18 21 12 13 0 0 0 0 0 0 12 18 29 28 28 23 22 19 16 20 22 18 15 15 15 17 17 16 15 16 19 16 13 11 7 10 7 12 14 13 13 15 14 -9999 -9999 -9999 -9999 -9999 -9999 -9999 -9999
-9999 -9999 -9999 -9999 -9999 -9999 -9999 -9999 -9999 -9999 -9999 -9999 -9999 -9999 18 18 18 21 17 17 17 19 19 22 18 18 17 16 13 13 18 18 20 17 20 17 19 17 20 16 14 4 0 0 0 0 9 21 28 25 28 25 26 23 22 22 24 28 24 18 16 16 17 16 14 16 16 15 16 12 12 6 6 13 13 14 15 15 14 -9999 -9999 -9999 -9999 -9999 -9999 -9999 -9999
-9999 -9999 -9999 -9999 -9999 -9999 -9999 -9999 -9999 -9999 -9999 -9999 -9999 -9999 16 16 21 17 19 17 19 19 18 22 20 18 17 21 17 15 16 16 16 16 16 20 17 20 18 17 17 12 2 0 0 0 5 21 29 28 28 28 29 29 26 26 28 28 27 25 24 22 20 16 16 15 16 21 15 11 14 7 7 7 13 15 14 17 18 18 -9999 -9999 -9999 -9999 -9999 -9999 -9999
-9999 -9999 -9999 -9999 -9999 -9999 -9999 -9999 -9999 -9999 -9999 -9999 -9999 -9999 -9999 16 17 21 12 7 14 18 19 17 18 18 16 18 20 13 12 14 19 16 15 20 17 17 17 17 15 23 12 0 0 0 0 18 24 27 28 28 27 26 27 27 27 27 26 26 29 25 24 21 20 19 18 17 20 17 17 14 8 7 12 14 17 16 17 19 -9999 -9999 -9999 -9999 -9999 -9999 -9999
-9999 -9999 -9999 -9999 -9999 -9999 -9999 -9999 -9999 -9999 -9999 -9999 -9999 -9999 -9999 -9999 19 14 5 3 5 15 17 18 18 23 16 17 18 20 15 15 14 12 11 12 13 15 18 16 19 21 18 8 0 0 0 11 18 26 26 28 28 27 26 26 26 27 27 25 28 28 25 25 21 19 16 16 15 16 16 13 9 10 9 15 17 14 16 18 17 -9999 -9999 -9999 -9999 -9999 -9999
-9999 -9999 -9999 -9999 -9999 -9999 -9999 -9999 -9999 -9999 -9999 -9999 -9999 -9999 -9999 -9999 -9999 1 1 1 1 3 8 12 17 18 18 18 17 18 19 14 18 12 11 2 3 8 16 17 19 22 21 11 0 0 0 11 21 27 27 28 24 24 24 26 26 27 28 28 26 28 28 27 27 25 21 20 20 18 17 17 15 15 12 12 12 9 14 18 17 17 -9999 -9999 -9999 -9999 -9999
