2/sve_2_Flow_accum_D8_method.asc
NCOLS         139
NROWS         162
XLLCORNER     572256.0
YLLCORNER     7071344.0
CELLSIZE      16.0
NODATA_VALUE  -9999
[rows 72 to 107 of 162, columns 0 to 80 of 139]
-9999 -9999 -9999 -9999 -9999 -9999 -9999 -9999 -9999 -9999 -9999 -9999 -9999 -9999 1.0 1.0 2.0 107.0 2.0 61.0 4.0 1.0 1.0 108.0 2.0 4.0 1.0 3.0 1.0 1.0 6.0 12.0 12.0 11.0 9.0 1.0 1.0 1.0 1.0 1.0 177.0 1.0 20.0 1.0 1.0 6.0 7.0 7.0 7.0 7.0 6.0 7.0 7.0 6.0 7.0 9.0 106.0 9.0 9.0 173.0 3.0 13.0 6.0 12.0 12.0 12.0 16.0 17.0 24.0 1.0 8.0 1.0 1501.0 3.0 3.0 2.0 2.0 1.0 1.0 1.0 -9999
-9999 -9999 -9999 -9999 -9999 -9999 -9999 -9999 -9999 -9999 -9999 -9999 -9999 -9999 -9999 1.0 1.0 2.0 111.0 1.0 63.0 70.0 1.0 1.0 115.0 2.0 4.0 2.0 1.0 1.0 2.0 7.0 13.0 13.0 12.0 10.0 1.0 1.0 1.0 1.0 1.0 180.0 1.0 22.0 1.0 2.0 7.0 8.0 8.0 8.0 8.0 7.0 8.0 8.0 7.0 8.0 10.0 107.0 10.0 10.0 174.0 4.0 14.0 7.0 13.0 13.0 13.0 17.0 18.0 25.0 2.0 9.0 1.0 1508.0 3.0 3.0 2.0 2.0 2.0 1.0 -9999
-9999 -9999 -9999 -9999 -9999 -9999 -9999 -9999 -9999 -9999 -9999 -9999 -9999 -9999 -9999 -9999 1.0 1.0 1.0 112.0 1.0 1.0 75.0 1.0 1.0 122.0 3.0 2.0 1.0 1.0 4.0 1.0 8.0 14.0 14.0 13.0 11.0 2.0 2.0 2.0 1.0 1.0 183.0 24.0 1.0 2.0 3.0 8.0 9.0 9.0 9.0 9.0 8.0 9.0 9.0 8.0 9.0 11.0 108.0 11.0 11.0 175.0 19.0 1.0 8.0 14.0 14.0 14.0 18.0 19.0 26.0 3.0 10.0 1523.0 4.0 3.0 3.0 3.0 2.0 1.0 1.0
-9999 -9999 -9999 -9999 -9999 -9999 -9999 -9999 -9999 -9999 -9999 -9999 -9999 -9999 -9999 -9999 -9999 1.0 2.0 116.0 1.0 1.0 1.0 79.0 1.0 1.0 128.0 2.0 2.0 1.0 1.0 5.0 2.0 9.0 15.0 15.0 14.0 12.0 3.0 3.0 3.0 1.0 1.0 211.0 1.0 1.0 3.0 4.0 9.0 10.0 10.0 10.0 10.0 9.0 10.0 10.0 9.0 10.0 12.0 109.0 12.0 12.0 196.0 1.0 1.0 9.0 15.0 15.0 15.0 19.0 20.0 27.0 4.0 1.0 1531.0 4.0 4.0 3.0 2.0 2.0 1.0
-9999 -9999 -9999 -9999 -9999 -9999 -9999 -9999 -9999 -9999 -9999 -9999 -9999 -9999 -9999 -9999 -9999 -9999 -9999 1.0 119.0 1.0 1.0 1.0 83.0 1.0 1.0 133.0 2.0 1.0 1.0 2.0 6.0 3.0 10.0 16.0 16.0 15.0 13.0 4.0 4.0 4.0 1.0 1.0 212.0 2.0 2.0 4.0 5.0 10.0 11.0 11.0 11.0 11.0 10.0 11.0 11.0 10.0 11.0 13.0 110.0 13.0 210.0 1.0 1.0 2.0 10.0 16.0 16.0 16.0 20.0 21.0 28.0 5.0 1537.0 5.0 4.0 3.0 3.0 2.0 2.0
-9999 -9999 -9999 -9999 -9999 -9999 -9999 -9999 -9999 -9999 -9999 -9999 -9999 -9999 -9999 -9999 -9999 -9999 -9999 -9999 1.0 122.0 1.0 2.0 1.0 87.0 1.0 1.0 137.0 1.0 1.0 2.0 9.0 1.0 14.0 1.0 17.0 17.0 16.0 14.0 5.0 5.0 5.0 1.0 2.0 213.0 3.0 3.0 5.0 6.0 11.0 12.0 12.0 12.0 12.0 11.0 12.0 12.0 11.0 12.0 14.0 111.0 14.0 213.0 1.0 1.0 3.0 11.0 17.0 17.0 17.0 21.0 22.0 29.0 6.0 1547.0 4.0 4.0 3.0 3.0 2.0
-9999 -9999 -9999 -9999 -9999 -9999 -9999 -9999 -9999 -9999 -9999 -9999 -9999 -9999 -9999 -9999 -9999 -9999 -9999 -9999 -9999 1.0 124.0 2.0 3.0 1.0 95.0 1.0 1.0 140.0 1.0 1.0 3.0 10.0 17.0 1.0 1.0 18.0 18.0 17.0 15.0 6.0 6.0 6.0 2.0 3.0 214.0 4.0 4.0 6.0 7.0 12.0 13.0 13.0 13.0 13.0 12.0 13.0 13.0 12.0 13.0 15.0 112.0 15.0 216.0 1.0 1.0 4.0 12.0 18.0 18.0 18.0 22.0 23.0 30.0 1558.0 5.0 4.0 4.0 3.0 3.0
-9999 -9999 -9999 -9999 -9999 -9999 -9999 -9999 -9999 -9999 -9999 -9999 -9999 -9999 -9999 -9999 -9999 -9999 -9999 -9999 -9999 -9999 1.0 128.0 1.0 4.0 1.0 100.0 1.0 1.0 144.0 1.0 1.0 4.0 11.0 20.0 1.0 19.0 1.0 19.0 18.0 16.0 7.0 7.0 7.0 3.0 4.0 215.0 5.0 5.0 7.0 8.0 13.0 14.0 14.0 14.0 14.0 13.0 14.0 14.0 13.0 14.0 16.0 113.0 16.0 219.0 1.0 1.0 5.0 13.0 19.0 19.0 19.0 23.0 24.0 1594.0 5.0 5.0 4.0 4.0 3.0
-9999 -9999 -9999 -9999 -9999 -9999 -9999 -9999 -9999 -9999 -9999 -9999 -9999 -9999 -9999 -9999 -9999 -9999 -9999 -9999 -9999 -9999 -9999 1.0 131.0 1.0 1.0 1.0 104.0 1.0 1.0 147.0 1.0 5.0 1.0 12.0 21.0 22.0 1.0 1.0 38.0 1.0 17.0 8.0 8.0 8.0 4.0 5.0 216.0 6.0 6.0 8.0 9.0 14.0 15.0 15.0 15.0 15.0 14.0 15.0 15.0 14.0 15.0 17.0 114.0 131.0 222.0 1.0 1.0 6.0 14.0 20.0 20.0 20.0 24.0 70.0 1605.0 5.0 5.0 4.0 3.0
-9999 -9999 -9999 -9999 -9999 -9999 -9999 -9999 -9999 -9999 -9999 -9999 -9999 -9999 -9999 -9999 -9999 -9999 -9999 -9999 -9999 -9999 -9999 -9999 1.0 134.0 1.0 1.0 1.0 107.0 1.0 2.0 154.0 1.0 1.0 2.0 13.0 22.0 23.0 2.0 2.0 66.0 9.0 1.0 1.0 9.0 9.0 5.0 6.0 217.0 7.0 7.0 9.0 10.0 15.0 16.0 16.0 16.0 16.0 15.0 16.0 16.0 15.0 16.0 18.0 1.0 132.0 225.0 1.0 1.0 7.0 15.0 21.0 21.0 21.0 1.0 1682.0 6.0 5.0 4.0 4.0
-9999 -9999 -9999 -9999 -9999 -9999 -9999 -9999 -9999 -9999 -9999 -9999 -9999 -9999 -9999 -9999 -9999 -9999 -9999 -9999 -9999 -9999 -9999 -9999 -9999 1.0 137.0 1.0 1.0 1.0 110.0 1.0 158.0 1.0 2.0 2.0 3.0 14.0 23.0 96.0 68.0 1.0 1.0 1.0 2.0 2.0 10.0 10.0 6.0 7.0 218.0 8.0 8.0 10.0 11.0 16.0 17.0 17.0 17.0 17.0 16.0 17.0 17.0 16.0 17.0 19.0 2.0 133.0 226.0 3.0 1.0 8.0 16.0 22.0 22.0 1.0 1.0 1694.0 5.0 5.0 4.0
-9999 -9999 -9999 -9999 -9999 -9999 -9999 -9999 -9999 -9999 -9999 -9999 -9999 -9999 -9999 -9999 -9999 -9999 -9999 -9999 -9999 -9999 -9999 -9999 -9999 -9999 -9999 139.0 1.0 2.0 1.0 112.0 1.0 161.0 1.0 3.0 3.0 44.0 97.0 1.0 1.0 1.0 3.0 1.0 1.0 3.0 3.0 11.0 11.0 18.0 8.0 219.0 9.0 9.0 11.0 12.0 17.0 18.0 18.0 18.0 18.0 17.0 18.0 18.0 17.0 18.0 20.0 3.0 137.0 227.0 4.0 2.0 9.0 17.0 23.0 23.0 2.0 1701.0 6.0 5.0 5.0
-9999 -9999 -9999 -9999 -9999 -9999 -9999 -9999 -9999 -9999 -9999 -9999 -9999 -9999 -9999 -9999 -9999 -9999 -9999 -9999 -9999 -9999 -9999 -9999 -9999 -9999 -9999 -9999 140.0 142.0 145.0 1.0 114.0 1.0 163.0 168.0 1.0 1.0 143.0 1.0 1.0 2.0 6.0 1.0 1.0 2.0 4.0 4.0 12.0 1.0 19.0 9.0 220.0 10.0 10.0 12.0 13.0 18.0 19.0 19.0 19.0 19.0 18.0 19.0 19.0 18.0 19.0 21.0 1.0 138.0 228.0 5.0 3.0 10.0 18.0 24.0 24.0 1710.0 6.0 6.0 6.0
-9999 -9999 -9999 -9999 -9999 -9999 -9999 -9999 -9999 -9999 -9999 -9999 -9999 -9999 -9999 -9999 -9999 -9999 -9999 -9999 -9999 -9999 -9999 -9999 -9999 -9999 -9999 -9999 -9999 -9999 1.0 146.0 1.0 116.0 1.0 1.0 169.0 2.0 146.0 2.0 3.0 1.0 1.0 8.0 1.0 2.0 3.0 5.0 5.0 13.0 2.0 20.0 10.0 221.0 11.0 11.0 13.0 14.0 19.0 20.0 20.0 20.0 20.0 19.0 20.0 20.0 19.0 20.0 22.0 2.0 139.0 229.0 6.0 4.0 11.0 19.0 1759.0 7.0 7.0 7.0 6.0
-9999 -9999 -9999 -9999 -9999 -9999 -9999 -9999 -9999 -9999 -9999 -9999 -9999 -9999 -9999 -9999 -9999 -9999 -9999 -9999 -9999 -9999 -9999 -9999 -9999 -9999 -9999 -9999 -9999 -9999 -9999 148.0 1.0 1.0 120.0 1.0 2.0 170.0 3.0 152.0 2.0 1.0 1.0 2.0 9.0 2.0 3.0 4.0 6.0 6.0 14.0 3.0 21.0 11.0 222.0 12.0 12.0 14.0 15.0 20.0 21.0 21.0 21.0 21.0 20.0 21.0 21.0 20.0 21.0 23.0 3.0 140.0 230.0 7.0 5.0 12.0 1786.0 8.0 8.0 7.0 7.0
-9999 -9999 -9999 -9999 -9999 -9999 -9999 -9999 -9999 -9999 -9999 -9999 -9999 -9999 -9999 -9999 -9999 -9999 -9999 -9999 -9999 -9999 -9999 -9999 -9999 -9999 -9999 -9999 -9999 -9999 -9999 -9999 150.0 1.0 1.0 124.0 1.0 3.0 171.0 158.0 2.0 2.0 1.0 1.0 3.0 10.0 3.0 4.0 5.0 7.0 7.0 15.0 4.0 22.0 12.0 223.0 13.0 13.0 15.0 16.0 21.0 22.0 22.0 22.0 22.0 21.0 22.0 22.0 21.0 22.0 24.0 4.0 371.0 1.0 8.0 6.0 1807.0 9.0 8.0 8.0 7.0
-9999 -9999 -9999 -9999 -9999 -9999 -9999 -9999 -9999 -9999 -9999 -9999 -9999 -9999 -9999 -9999 -9999 -9999 -9999 -9999 -9999 -9999 -9999 -9999 -9999 -9999 -9999 -9999 -9999 -9999 -9999 -9999 -9999 -9999 1.0 1.0 128.0 1.0 4.0 172.0 163.0 2.0 1.0 1.0 2.0 4.0 11.0 4.0 5.0 6.0 8.0 8.0 16.0 5.0 23.0 13.0 224.0 14.0 14.0 16.0 17.0 22.0 23.0 23.0 23.0 23.0 22.0 23.0 23.0 22.0 23.0 25.0 5.0 372.0 2.0 9.0 1823.0 9.0 9.0 8.0 7.0
-9999 -9999 -9999 -9999 -9999 -9999 -9999 -9999 -9999 -9999 -9999 -9999 -9999 -9999 -9999 -9999 -9999 -9999 -9999 -9999 -9999 -9999 -9999 -9999 -9999 -9999 -9999 -9999 -9999 -9999 -9999 -9999 -9999 -9999 -9999 1.0 1.0 131.0 1.0 5.0 336.0 1.0 3.0 2.0 2.0 3.0 5.0 12.0 5.0 6.0 7.0 9.0 9.0 17.0 6.0 24.0 14.0 225.0 15.0 15.0 17.0 18.0 23.0 24.0 24.0 24.0 24.0 23.0 24.0 24.0 23.0 24.0 26.0 6.0 373.0 3.0 1842.0 10.0 9.0 1.0 1.0
-9999 -9999 -9999 -9999 -9999 -9999 -9999 -9999 -9999 -9999 -9999 -9999 -9999 -9999 -9999 -9999 -9999 -9999 -9999 -9999 -9999 -9999 -9999 -9999 -9999 -9999 -9999 -9999 -9999 -9999 -9999 -9999 -9999 -9999 -9999 -9999 -9999 1.0 139.0 1.0 338.0 1.0 1.0 8.0 1.0 1.0 4.0 6.0 13.0 6.0 7.0 8.0 10.0 10.0 18.0 7.0 25.0 15.0 226.0 16.0 16.0 18.0 19.0 24.0 25.0 25.0 25.0 25.0 24.0 25.0 25.0 24.0 25.0 27.0 7.0 374.0 1856.0 10.0 2.0 1.0 1.0
-9999 -9999 -9999 -9999 -9999 -9999 -9999 -9999 -9999 -9999 -9999 -9999 -9999 -9999 -9999 -9999 -9999 -9999 -9999 -9999 -9999 -9999 -9999 -9999 -9999 -9999 -9999 -9999 -9999 -9999 -9999 -9999 -9999 -9999 -9999 -9999 -9999 -9999 1.0 480.0 1.0 1.0 2.0 11.0 1.0 1.0 2.0 5.0 7.0 14.0 7.0 8.0 9.0 11.0 11.0 19.0 8.0 26.0 16.0 227.0 17.0 17.0 19.0 20.0 25.0 26.0 26.0 26.0 26.0 25.0 26.0 26.0 25.0 26.0 28.0 8.0 375.0 1869.0 2.0 2.0 1.0
-9999 -9999 -9999 -9999 -9999 -9999 -9999 -9999 -9999 -9999 -9999 -9999 -9999 -9999 -9999 -9999 -9999 -9999 -9999 -9999 -9999 -9999 -9999 -9999 -9999 -9999 -9999 -9999 -9999 -9999 -9999 -9999 -9999 -9999 -9999 -9999 -9999 -9999 -9999 -9999 483.0 1.0 1.0 3.0 14.0 1.0 1.0 3.0 6.0 8.0 15.0 8.0 9.0 10.0 12.0 12.0 20.0 29.0 27.0 17.0 228.0 18.0 18.0 20.0 21.0 26.0 27.0 27.0 27.0 27.0 26.0 27.0 27.0 26.0 27.0 29.0 9.0 2247.0 3.0 1.0 1.0
-9999 -9999 -9999 -9999 -9999 -9999 -9999 -9999 -9999 -9999 -9999 -9999 -9999 -9999 -9999 -9999 -9999 -9999 -9999 -9999 -9999 -9999 -9999 -9999 -9999 -9999 -9999 -9999 -9999 -9999 -9999 -9999 -9999 -9999 -9999 -9999 -9999 -9999 -9999 -9999 -9999 484.0 487.0 1.0 4.0 16.0 1.0 2.0 4.0 7.0 9.0 16.0 9.0 10.0 11.0 13.0 13.0 1.0 30.0 28.0 94.0 325.0 19.0 19.0 21.0 22.0 27.0 28.0 28.0 28.0 28.0 27.0 28.0 28.0 27.0 28.0 30.0 10.0 2252.0 2.0 1.0
-9999 -9999 -9999 -9999 -9999 -9999 -9999 -9999 -9999 -9999 -9999 -9999 -9999 -9999 -9999 -9999 -9999 -9999 -9999 -9999 -9999 -9999 -9999 -9999 -9999 -9999 -9999 -9999 -9999 -9999 -9999 -9999 -9999 -9999 -9999 -9999 -9999 -9999 -9999 -9999 -9999 -9999 -9999 488.0 490.0 513.0 1.0 3.0 1.0 5.0 8.0 10.0 17.0 10.0 11.0 12.0 14.0 14.0 2.0 48.0 2.0 2.0 326.0 20.0 20.0 22.0 23.0 74.0 29.0 29.0 29.0 29.0 28.0 29.0 29.0 28.0 29.0 31.0 2265.0 2.0 56.0
-9999 -9999 -9999 -9999 -9999 -9999 -9999 -9999 -9999 -9999 -9999 -9999 -9999 -9999 -9999 -9999 -9999 -9999 -9999 -9999 -9999 -9999 -9999 -9999 -9999 -9999 -9999 -9999 -9999 -9999 -9999 -9999 -9999 -9999 -9999 -9999 -9999 -9999 -9999 -9999 -9999 -9999 -9999 -9999 1.0 1.0 515.0 521.0 1.0 1.0 6.0 9.0 11.0 18.0 11.0 12.0 13.0 15.0 15.0 1.0 1.0 2.0 6.0 335.0 21.0 21.0 23.0 1.0 77.0 30.0 30.0 30.0 30.0 29.0 30.0 30.0 29.0 30.0 62.0 2266.0 68.0
-9999 -9999 -9999 -9999 -9999 -9999 -9999 -9999 -9999 -9999 -9999 -9999 -9999 -9999 -9999 -9999 -9999 -9999 -9999 -9999 -9999 -9999 -9999 -9999 -9999 -9999 -9999 -9999 -9999 -9999 -9999 -9999 -9999 -9999 -9999 -9999 -9999 -9999 -9999 -9999 -9999 -9999 -9999 -9999 -9999 -9999 1.0 1.0 522.0 9.0 1.0 1.0 10.0 12.0 19.0 12.0 13.0 14.0 16.0 1.0 1.0 1.0 2.0 2.0 340.0 364.0 22.0 1.0 1.0 80.0 31.0 31.0 31.0 31.0 30.0 31.0 31.0 30.0 1.0 63.0 2267.0
-9999 -9999 -9999 -9999 -9999 -9999 -9999 -9999 -9999 -9999 -9999 -9999 -9999 -9999 -9999 -9999 -9999 -9999 -9999 -9999 -9999 -9999 -9999 -9999 -9999 -9999 -9999 -9999 -9999 -9999 -9999 -9999 -9999 -9999 -9999 -9999 -9999 -9999 -9999 -9999 -9999 -9999 -9999 -9999 -9999 -9999 -9999 2.0 4.0 536.0 1.0 2.0 2.0 42.0 1.0 1.0 13.0 14.0 32.0 1.0 1.0 1.0 1.0 2.0 2.0 3.0 370.0 23.0 1.0 25.0 107.0 32.0 32.0 32.0 32.0 31.0 32.0 32.0 31.0 2.0 64.0
-9999 -9999 -9999 -9999 -9999 -9999 -9999 -9999 -9999 -9999 -9999 -9999 -9999 -9999 -9999 -9999 -9999 -9999 -9999 -9999 -9999 -9999 -9999 -9999 -9999 -9999 -9999 -9999 -9999 -9999 -9999 -9999 -9999 -9999 -9999 -9999 -9999 -9999 -9999 -9999 -9999 -9999 -9999 -9999 -9999 -9999 -9999 -9999 1.0 1.0 537.0 2.0 3.0 46.0 1.0 1.0 2.0 14.0 48.0 2.0 1.0 1.0 1.0 1.0 2.0 2.0 3.0 371.0 24.0 1.0 2.0 108.0 33.0 33.0 33.0 33.0 32.0 33.0 33.0 32.0 3.0
-9999 -9999 -9999 -9999 -9999 -9999 -9999 -9999 -9999 -9999 -9999 -9999 -9999 -9999 -9999 -9999 -9999 -9999 -9999 -9999 -9999 -9999 -9999 -9999 -9999 -9999 -9999 -9999 -9999 -9999 -9999 -9999 -9999 -9999 -9999 -9999 -9999 -9999 -9999 -9999 -9999 -9999 -9999 -9999 -9999 -9999 -9999 -9999 -9999 2.0 4.0 538.0 3.0 51.0 1.0 1.0 2.0 3.0 65.0 2.0 2.0 1.0 1.0 1.0 1.0 2.0 3.0 9.0 384.0 1.0 388.0 392.0 109.0 34.0 34.0 34.0 34.0 33.0 34.0 34.0 33.0
-9999 -9999 -9999 -9999 -9999 -9999 -9999 -9999 -9999 -9999 -9999 -9999 -9999 -9999 -9999 -9999 -9999 -9999 -9999 -9999 -9999 -9999 -9999 -9999 -9999 -9999 -9999 -9999 -9999 -9999 -9999 -9999 -9999 -9999 -9999 -9999 -9999 -9999 -9999 -9999 -9999 -9999 -9999 -9999 -9999 -9999 -9999 -9999 -9999 -9999 -9999 5.0 539.0 56.0 2.0 1.0 1.0 3.0 71.0 6.0 2.0 2.0 1.0 1.0 1.0 2.0 2.0 3.0 1.0 387.0 1.0 2.0 396.0 110.0 35.0 35.0 35.0 35.0 34.0 35.0 35.0
-9999 -9999 -9999 -9999 -9999 -9999 -9999 -9999 -9999 -9999 -9999 -9999 -9999 -9999 -9999 -9999 -9999 -9999 -9999 -9999 -9999 -9999 -9999 -9999 -9999 -9999 -9999 -9999 -9999 -9999 -9999 -9999 -9999 -9999 -9999 -9999 -9999 -9999 -9999 -9999 -9999 -9999 -9999 -9999 -9999 -9999 -9999 -9999 -9999 -9999 -9999 -9999 6.0 540.0 59.0 1.0 2.0 76.0 7.0 1.0 1.0 4.0 2.0 1.0 1.0 1.0 2.0 2.0 1.0 1.0 1.0 1.0 2.0 397.0 111.0 36.0 36.0 36.0 36.0 35.0 36.0
-9999 -9999 -9999 -9999 -9999 -9999 -9999 -9999 -9999 -9999 -9999 -9999 -9999 -9999 -9999 -9999 -9999 -9999 -9999 -9999 -9999 -9999 -9999 -9999 -9999 -9999 -9999 -9999 -9999 -9999 -9999 -9999 -9999 -9999 -9999 -9999 -9999 -9999 -9999 -9999 -9999 -9999 -9999 -9999 -9999 -9999 -9999 -9999 -9999 -9999 -9999 -9999 -9999 7.0 541.0 60.0 2.0 86.0 2.0 1.0 1.0 5.0 1.0 3.0 2.0 1.0 1.0 1.0 3.0 1.0 2.0 1.0 1.0 3.0 398.0 112.0 37.0 37.0 37.0 37.0 36.0
-9999 -9999 -9999 -9999 -9999 -9999 -9999 -9999 -9999 -9999 -9999 -9999 -9999 -9999 -9999 -9999 -9999 -9999 -9999 -9999 -9999 -9999 -9999 -9999 -9999 -9999 -9999 -9999 -9999 -9999 -9999 -9999 -9999 -9999 -9999 -9999 -9999 -9999 -9999 -9999 -9999 -9999 -9999 -9999 -9999 -9999 -9999 -9999 -9999 -9999 -9999 -9999 -9999 -9999 8.0 542.0 149.0 3.0 2.0 1.0 1.0 2.0 6.0 2.0 6.0 1.0 1.0 1.0 5.0 4.0 2.0 3.0 1.0 2.0 4.0 399.0 113.0 38.0 38.0 38.0 38.0
-9999 -9999 -9999 -9999 -9999 -9999 -9999 -9999 -9999 -9999 -9999 -9999 -9999 -9999 -9999 -9999 -9999 -9999 -9999 -9999 -9999 -9999 -9999 -9999 -9999 -9999 -9999 -9999 -9999 -9999 -9999 -9999 -9999 -9999 -9999 -9999 -9999 -9999 -9999 -9999 -9999 -9999 -9999 -9999 -9999 -9999 -9999 -9999 -9999 -9999 -9999 -9999 -9999 -9999 -9999 9.0 543.0 155.0 2.0 1.0 1.0 2.0 3.0 7.0 3.0 8.0 1.0 2.0 1.0 7.0 5.0 3.0 4.0 2.0 5.0 10.0 400.0 114.0 39.0 39.0 118.0
-9999 -9999 -9999 -9999 -9999 -9999 -9999 -9999 -9999 -9999 -9999 -9999 -9999 -9999 -9999 -9999 -9999 -9999 -9999 -9999 -9999 -9999 -9999 -9999 -9999 -9999 -9999 -9999 -9999 -9999 -9999 -9999 -9999 -9999 -9999 -9999 -9999 -9999 -9999 -9999 -9999 -9999 -9999 -9999 -9999 -9999 -9999 -9999 -9999 -9999 -9999 -9999 -9999 -9999 -9999 -9999 10.0 701.0 2.0 1.0 1.0 2.0 3.0 4.0 8.0 12.0 1.0 2.0 1.0 1.0 8.0 6.0 4.0 5.0 1.0 1.0 11.0 401.0 115.0 40.0 1.0
-9999 -9999 -9999 -9999 -9999 -9999 -9999 -9999 -9999 -9999 -9999 -9999 -9999 -9999 -9999 -9999 -9999 -9999 -9999 -9999 -9999 -9999 -9999 -9999 -9999 -9999 -9999 -9999 -9999 -9999 -9999 -9999 -9999 -9999 -9999 -9999 -9999 -9999 -9999 -9999 -9999 -9999 -9999 -9999 -9999 -9999 -9999 -9999 -9999 -9999 -9999 -9999 -9999 -9999 -9999 -9999 -9999 714.0 2.0 1.0 1.0 2.0 3.0 4.0 5.0 9.0 14.0 1.0 4.0 2.0 4.0 14.0 7.0 5.0 6.0 2.0 2.0 12.0 402.0 531.0 1.0
-9999 -9999 -9999 -9999 -9999 -9999 -9999 -9999 -9999 -9999 -9999 -9999 -9999 -9999 -9999 -9999 -9999 -9999 -9999 -9999 -9999 -9999 -9999 -9999 -9999 -9999 -9999 -9999 -9999 -9999 -9999 -9999 -9999 -9999 -9999 -9999 -9999 -9999 -9999 -9999 -9999 -9999 -9999 -9999 -9999 -9999 -9999 -9999 -9999 -9999 -9999 -9999 -9999 -9999 -9999 -9999 -9999 -9999 718.0 1.0 1.0 2.0 3.0 4.0 5.0 6.0 10.0 15.0 1.0 5.0 1.0 9.0 25.0 8.0 6.0 7.0 3.0 3.0 13.0 1.0 532.0
